% time-domain voltage integration by openEMS v0.0.36-67-g0bc6c61 @Fri May 16 09:38:12 2025
% start-coordinates: (2.18959e-05,5.02391e-06,0.00029118) m -> [105,19,24]
% stop-coordinates: (2.94463e-05,5.02391e-06,0.00029118) m -> [110,19,24]
% t/s	voltage
0	-0
4.16644752823e-12	-1.95824190197e-11
8.33289505646e-12	9.24191279061e-12
1.24993425847e-11	9.90978687998e-11
1.66657901129e-11	2.99355318312e-10
2.08322376412e-11	6.725944246e-10
2.49986851694e-11	1.20437615436e-09
2.91651326976e-11	1.73934644465e-09
3.33315802259e-11	1.87464266332e-09
3.74980277541e-11	9.11633435408e-10
4.16644752823e-11	-1.97729121965e-09
4.58309228106e-11	-7.36453498185e-09
4.99973703388e-11	-1.49597099153e-08
5.4163817867e-11	-2.3024483653e-08
5.83302653952e-11	-2.82602456991e-08
6.24967129235e-11	-2.65516177933e-08
6.66631604517e-11	-1.46439447235e-08
7.08296079799e-11	7.82853248893e-09
7.49960555082e-11	3.68904409243e-08
7.91625030364e-11	6.45301394542e-08
8.33289505646e-11	8.11622840047e-08
8.74953980929e-11	7.94195784692e-08
9.16618456211e-11	5.7695160649e-08
9.58282931493e-11	2.14279225474e-08
9.99947406776e-11	-1.86711304195e-08
1.04161188206e-10	-5.07782260684e-08
1.08327635734e-10	-6.65728236982e-08
1.12494083262e-10	-6.40546105046e-08
1.1666053079e-10	-4.7444274287e-08
1.20826978319e-10	-2.45966589318e-08
1.24993425847e-10	-3.41583472618e-09
1.29159873375e-10	1.09221218736e-08
1.33326320903e-10	1.6985950424e-08
1.37492768432e-10	1.63566511446e-08
1.4165921596e-10	1.20243797141e-08
1.45825663488e-10	6.84691259245e-09
1.49992111016e-10	2.63826649416e-09
1.54158558545e-10	6.32667251921e-11
1.58325006073e-10	-1.04968300718e-09
1.62491453601e-10	-1.22401999647e-09
1.66657901129e-10	-9.68585212036e-10
1.70824348658e-10	-6.26906526691e-10
1.74990796186e-10	-3.58299168113e-10
1.79157243714e-10	-1.9736665427e-10
1.83323691242e-10	-1.19525472853e-10
1.8749013877e-10	-8.62348248365e-11
1.91656586299e-10	-9.12206976622e-11
1.95823033827e-10	-8.35699842661e-11
1.99989481355e-10	-7.87707399308e-11
2.04155928883e-10	-7.29027394009e-11
2.08322376412e-10	-6.76816797052e-11
2.1248882394e-10	-6.38285396759e-11
2.16655271468e-10	-5.91850735088e-11
2.20821718996e-10	-5.47517170491e-11
2.24988166525e-10	-5.22927534607e-11
2.29154614053e-10	-4.72957506492e-11
2.33321061581e-10	-4.56770593571e-11
2.37487509109e-10	-4.32054947375e-11
2.41653956637e-10	-3.95400240327e-11
2.45820404166e-10	-3.74382747026e-11
2.49986851694e-10	-3.39849953734e-11
2.54153299222e-10	-3.3088101703e-11
2.5831974675e-10	-2.93756130532e-11
2.62486194279e-10	-2.73906175519e-11
2.66652641807e-10	-2.7041882622e-11
2.70819089335e-10	-2.33590230492e-11
2.74985536863e-10	-2.23406848576e-11
2.79151984392e-10	-2.1062901423e-11
