% time-domain voltage integration by openEMS v0.0.36-67-g0bc6c61 @Thu Apr 10 08:32:21 2025
% start-coordinates: (-3.46244e-05,5.03815e-06,0.00029118) m -> [90,19,24]
% stop-coordinates: (3.46244e-05,5.03815e-06,0.00029118) m -> [136,19,24]
% t/s	voltage
0	-0
4.1657050878e-12	-6.6337160487e-09
8.33141017561e-12	-7.26274880514e-09
1.24971152634e-11	8.25418143557e-10
1.66628203512e-11	3.31192299141e-08
2.0828525439e-11	1.07443376418e-07
2.49942305268e-11	2.51544867158e-07
2.91599356146e-11	4.7484979504e-07
3.33256407024e-11	7.40287001477e-07
3.74913457902e-11	9.26114957167e-07
4.1657050878e-11	7.9282122023e-07
4.58227559658e-11	1.8767363219e-09
4.99884610536e-11	-1.78752475222e-06
5.41541661414e-11	-4.73457400574e-06
5.83198712292e-11	-8.58918141944e-06
6.2485576317e-11	-1.25298350611e-05
6.66512814048e-11	-1.52001926494e-05
7.08169864926e-11	-1.50312073117e-05
7.49826915805e-11	-1.08027393537e-05
7.91483966683e-11	-2.25133416976e-06
8.33141017561e-11	9.56344212e-06
8.74798068439e-11	2.23633008432e-05
9.16455119317e-11	3.32530760829e-05
9.58112170195e-11	3.96081221083e-05
9.99769221073e-11	3.98854863874e-05
1.04142627195e-10	3.40395767466e-05
1.08308332283e-10	2.34263747529e-05
1.12474037371e-10	1.03122555544e-05
1.16639742458e-10	-2.76459707038e-06
1.20805447546e-10	-1.35587451098e-05
1.24971152634e-10	-2.05045257076e-05
1.29136857722e-10	-2.29250788379e-05
1.3330256281e-10	-2.10895889268e-05
1.37468267897e-10	-1.61118986597e-05
1.41633972985e-10	-9.66614155828e-06
1.45799678073e-10	-3.54123582458e-06
1.49965383161e-10	8.54115070226e-07
1.54131088249e-10	2.86248480208e-06
1.58296793337e-10	2.67586311864e-06
1.62462498424e-10	1.12558232779e-06
1.66628203512e-10	-7.32324449082e-07
1.707939086e-10	-2.04677375626e-06
1.74959613688e-10	-2.43857734072e-06
1.79125318776e-10	-2.02255066856e-06
1.83291023863e-10	-1.22425354948e-06
1.87456728951e-10	-5.12994673962e-07
1.91622434039e-10	-1.85652954815e-07
1.95788139127e-10	-2.82313932842e-07
1.99953844215e-10	-6.34482633072e-07
2.04119549302e-10	-1.00113229506e-06
2.0828525439e-10	-1.19627802857e-06
2.12450959478e-10	-1.16183479647e-06
2.16616664566e-10	-9.5925784642e-07
2.20782369654e-10	-7.12079459064e-07
2.24948074741e-10	-5.33582478229e-07
2.29113779829e-10	-4.76898242195e-07
2.33279484917e-10	-5.26045158371e-07
2.37445190005e-10	-6.21082652065e-07
2.41610895093e-10	-6.96621121711e-07
2.4577660018e-10	-7.13088867045e-07
2.49942305268e-10	-6.68575173987e-07
2.54108010356e-10	-5.89922572097e-07
2.58273715444e-10	-5.13061969701e-07
2.62439420532e-10	-4.64336559494e-07
2.66605125619e-10	-4.50710543214e-07
2.70770830707e-10	-4.61564127391e-07
2.74936535795e-10	-4.78038645564e-07
2.79102240883e-10	-4.83743942702e-07
2.83267945971e-10	-4.71651580208e-07
2.87433651058e-10	-4.44960646426e-07
2.91599356146e-10	-4.12962439841e-07
2.95765061234e-10	-3.8526051592e-07
2.99930766322e-10	-3.67258691125e-07
3.0409647141e-10	-3.58743379336e-07
3.08262176497e-10	-3.55411721359e-07
3.12427881585e-10	-3.51871614068e-07
3.16593586673e-10	-3.44389269782e-07
3.20759291761e-10	-3.32178984291e-07
3.24924996849e-10	-3.16995473315e-07
3.29090701936e-10	-3.01692866855e-07
3.33256407024e-10	-2.88607403212e-07
3.37422112112e-10	-2.78627437858e-07
3.415878172e-10	-2.71146500266e-07
3.45753522288e-10	-2.64709566364e-07
3.49919227375e-10	-2.57903082779e-07
3.54084932463e-10	-2.49975726258e-07
3.58250637551e-10	-2.41018894939e-07
3.62416342639e-10	-2.31701614159e-07
3.66582047727e-10	-2.22814827616e-07
3.70747752814e-10	-2.14865414142e-07
3.74913457902e-10	-2.0792499146e-07
3.7907916299e-10	-2.01690372362e-07
3.83244868078e-10	-1.95723177332e-07
3.87410573166e-10	-1.8968067271e-07
3.91576278253e-10	-1.83436804094e-07
3.95741983341e-10	-1.77093543025e-07
3.99907688429e-10	-1.70866810471e-07
4.04073393517e-10	-1.6495000528e-07
4.08239098605e-10	-1.59440882191e-07
4.12404803692e-10	-1.54303529017e-07
4.1657050878e-10	-1.49428339452e-07
4.20736213868e-10	-1.4468678021e-07
4.24901918956e-10	-1.40004041319e-07
4.29067624044e-10	-1.35367653253e-07
4.33233329132e-10	-1.30821242908e-07
4.37399034219e-10	-1.264248886e-07
4.41564739307e-10	-1.22218053976e-07
4.45730444395e-10	-1.18212772009e-07
4.49896149483e-10	-1.14383879216e-07
4.54061854571e-10	-1.10695203719e-07
4.58227559658e-10	-1.07109446e-07
4.62393264746e-10	-1.03612983055e-07
4.66558969834e-10	-1.00204854594e-07
4.70724674922e-10	-9.68984010877e-08
4.7489038001e-10	-9.37065784343e-08
4.79056085097e-10	-9.06371313766e-08
4.83221790185e-10	-8.76853569615e-08
4.87387495273e-10	-8.48406794679e-08
4.91553200361e-10	-8.2089150838e-08
4.95718905449e-10	-7.94219172096e-08
4.99884610536e-10	-7.68336970297e-08
5.04050315624e-10	-7.43262398434e-08
5.08216020712e-10	-7.18990332549e-08
5.123817258e-10	-6.95551138075e-08
5.16547430888e-10	-6.72942297164e-08
5.20713135975e-10	-6.5111443126e-08
5.24878841063e-10	-6.30025160653e-08
5.29044546151e-10	-6.09618344e-08
5.33210251239e-10	-5.89862633044e-08
5.37375956327e-10	-5.70733851429e-08
5.41541661414e-10	-5.52227595596e-08
5.45707366502e-10	-5.34329606255e-08
5.4987307159e-10	-5.17032251318e-08
5.54038776678e-10	-5.00315242152e-08
5.58204481766e-10	-4.84162916009e-08
5.62370186853e-10	-4.68541130061e-08
5.66535891941e-10	-4.53427860952e-08
5.70701597029e-10	-4.38799603042e-08
5.74867302117e-10	-4.2465661404e-08
5.79033007205e-10	-4.10965725062e-08
5.83198712292e-10	-3.97730055279e-08
5.8736441738e-10	-3.84933099007e-08
5.91530122468e-10	-3.72561701489e-08
5.95695827556e-10	-3.60596140586e-08
5.99861532644e-10	-3.4902313234e-08
6.04027237731e-10	-3.37829337282e-08
6.08192942819e-10	-3.2699610894e-08
6.12358647907e-10	-3.16519446764e-08
6.16524352995e-10	-3.06382808568e-08
6.20690058083e-10	-2.965832889e-08
6.2485576317e-10	-2.8710326519e-08
6.29021468258e-10	-2.77935884863e-08
6.33187173346e-10	-2.69065263264e-08
6.37352878434e-10	-2.6048641022e-08
6.41518583522e-10	-2.52187377786e-08
6.45684288609e-10	-2.44163968488e-08
6.49849993697e-10	-2.36396579673e-08
6.54015698785e-10	-2.28879962622e-08
6.58181403873e-10	-2.21612921347e-08
