% time-domain current integration by openEMS v0.0.36-67-g0bc6c61 @Thu Apr 10 08:32:21 2025
% start-coordinates: (-1.50541e-06,-1e-06,0.00028933) m -> [112,15,22]
% stop-coordinates: (-1.50541e-06,9.56676e-06,0.00029218) m -> [112,22,25]
% t/s	current
1.24423688405e-15	0
4.16694932469e-12	-5.31392117809e-11
8.33265441249e-12	-5.05663740047e-11
1.24983595003e-11	3.25960994307e-11
1.66640645881e-11	2.72774997034e-10
2.08297696759e-11	9.35817534575e-10
2.49954747637e-11	2.10995665384e-09
2.91611798515e-11	3.81871334554e-09
3.33268849393e-11	5.66463764784e-09
3.74925900271e-11	6.44675424155e-09
4.16582951149e-11	4.08932665508e-09
4.58240002027e-11	-4.11952161272e-09
4.99897052905e-11	-2.0469839157e-08
5.41554103783e-11	-4.49833450489e-08
5.83211154661e-11	-7.3407576906e-08
6.24868205539e-11	-9.6192906085e-08
6.66525256417e-11	-9.98636906502e-08
7.08182307295e-11	-7.1496486953e-08
7.49839358173e-11	-5.55301582494e-09
7.91496409051e-11	8.9790205493e-08
8.33153459929e-11	1.90599067196e-07
8.74810510807e-11	2.62363357706e-07
9.16467561685e-11	2.72289156555e-07
9.58124612564e-11	2.04378338253e-07
9.99781663442e-11	7.02378386563e-08
1.04143871432e-10	-9.08455604076e-08
1.0830957652e-10	-2.24617338063e-07
1.12475281608e-10	-2.82971853949e-07
1.16640986695e-10	-2.44235195623e-07
1.20806691783e-10	-1.22908559774e-07
1.24972396871e-10	3.61563081697e-08
1.29138101959e-10	1.76623956349e-07
1.33303807047e-10	2.53768178027e-07
1.37469512134e-10	2.51165573673e-07
1.41635217222e-10	1.83962725941e-07
1.4580092231e-10	8.85269528794e-08
1.49966627398e-10	4.64180427429e-09
1.54132332486e-10	-4.09269169666e-08
1.58298037573e-10	-4.25069188736e-08
1.62463742661e-10	-1.31719941621e-08
1.66629447749e-10	2.5027070194e-08
1.70795152837e-10	5.24706500471e-08
1.74960857925e-10	5.96673643827e-08
1.79126563012e-10	4.86890385787e-08
1.832922681e-10	2.91938722086e-08
1.87457973188e-10	1.2103942737e-08
1.91623678276e-10	4.34627267509e-09
1.95789383364e-10	6.7462262443e-09
1.99955088451e-10	1.52767363204e-08
2.04120793539e-10	2.41154207714e-08
2.08286498627e-10	2.87885271177e-08
2.12452203715e-10	2.7917801404e-08
2.16617908803e-10	2.30048478045e-08
2.2078361389e-10	1.70378946507e-08
2.24949318978e-10	1.27458283927e-08
2.29115024066e-10	1.13989520045e-08
2.33280729154e-10	1.26001715728e-08
2.37446434242e-10	1.48975756176e-08
2.41612139329e-10	1.67137841345e-08
2.45777844417e-10	1.70993708082e-08
2.49943549505e-10	1.60149298267e-08
2.54109254593e-10	1.41121079267e-08
2.58274959681e-10	1.22587016094e-08
2.62440664768e-10	1.10879705417e-08
2.66606369856e-10	1.0764415137e-08
2.70772074944e-10	1.10291544786e-08
2.74937780032e-10	1.14262066475e-08
2.7910348512e-10	1.15608962403e-08
2.83269190207e-10	1.12654543472e-08
2.87434895295e-10	1.06187325599e-08
2.91600600383e-10	9.84563719442e-09
2.95766305471e-10	9.1778096234e-09
2.99932010559e-10	8.7446947461e-09
3.04097715646e-10	8.5402271921e-09
3.08263420734e-10	8.46003178623e-09
3.12429125822e-10	8.37384650509e-09
3.1659483091e-10	8.19210921321e-09
3.20760535998e-10	7.89628273878e-09
3.24926241086e-10	7.52904405488e-09
3.29091946173e-10	7.15949433072e-09
3.33257651261e-10	6.84383261174e-09
3.37423356349e-10	6.60318377754e-09
3.41589061437e-10	6.42262154571e-09
3.45754766525e-10	6.26706997409e-09
3.49920471612e-10	6.10231554177e-09
3.540861767e-10	5.91054183374e-09
3.58251881788e-10	5.69389690952e-09
3.62417586876e-10	5.4687241402e-09
3.66583291964e-10	5.25409582508e-09
3.70748997051e-10	5.06214448137e-09
3.74914702139e-10	4.89452078867e-09
3.79080407227e-10	4.74388395233e-09
3.83246112315e-10	4.59967486321e-09
3.87411817403e-10	4.45357528633e-09
3.9157752249e-10	4.30261692941e-09
3.95743227578e-10	4.14927248116e-09
3.99908932666e-10	3.99881017188e-09
4.04074637754e-10	3.85585741114e-09
4.08240342842e-10	3.72277431104e-09
4.12406047929e-10	3.59865759414e-09
4.16571753017e-10	3.48083983859e-09
4.20737458105e-10	3.36619199182e-09
4.24903163193e-10	3.25303095572e-09
4.29068868281e-10	3.14094550369e-09
4.33234573368e-10	3.03103542265e-09
4.37400278456e-10	2.92484569897e-09
4.41565983544e-10	2.82315637534e-09
4.45731688632e-10	2.72641109689e-09
4.4989739372e-10	2.63384447585e-09
4.54063098807e-10	2.54471621552e-09
4.58228803895e-10	2.45798914555e-09
4.62394508983e-10	2.37352804078e-09
4.66560214071e-10	2.29114038852e-09
4.70725919159e-10	2.21130291855e-09
4.74891624246e-10	2.13413042793e-09
4.79057329334e-10	2.05991801394e-09
4.83223034422e-10	1.98862171175e-09
4.8738873951e-10	1.9198584944e-09
4.91554444598e-10	1.8533306001e-09
4.95720149685e-10	1.78889192348e-09
4.99885854773e-10	1.72632985684e-09
5.04051559861e-10	1.66573299598e-09
5.08217264949e-10	1.60705659891e-09
5.12382970037e-10	1.55043466954e-09
5.16548675124e-10	1.49574841402e-09
5.20714380212e-10	1.44302569893e-09
5.248800853e-10	1.3920634645e-09
5.29045790388e-10	1.34270128349e-09
5.33211495476e-10	1.29497523815e-09
5.37377200563e-10	1.24875387808e-09
5.41542905651e-10	1.20401688619e-09
5.45708610739e-10	1.1607648176e-09
5.49874315827e-10	1.11897136001e-09
5.54040020915e-10	1.07855246956e-09
5.58205726002e-10	1.03954489461e-09
5.6237143109e-10	1.00175567841e-09
5.66537136178e-10	9.65243884821e-10
5.70702841266e-10	9.29875842992e-10
5.74868546354e-10	8.95672758183e-10
5.79034251441e-10	8.62608928731e-10
5.83199956529e-10	8.30637558735e-10
5.87365661617e-10	7.99679211738e-10
5.91531366705e-10	7.69801944411e-10
5.95697071793e-10	7.40877081906e-10
5.99862776881e-10	7.1288619452e-10
6.04028481968e-10	6.85840273462e-10
6.08194187056e-10	6.5965199969e-10
6.12359892144e-10	6.34325814097e-10
6.16525597232e-10	6.09848116451e-10
6.2069130232e-10	5.86144188741e-10
6.24857007407e-10	5.63219137995e-10
6.29022712495e-10	5.41083899908e-10
6.33188417583e-10	5.19648546415e-10
6.37354122671e-10	4.98928565129e-10
6.41519827759e-10	4.78840966878e-10
6.45685532846e-10	4.59446147794e-10
6.49851237934e-10	4.40689706949e-10
6.54016943022e-10	4.22500895381e-10
6.5818264811e-10	4.04945910137e-10
