% time-domain current integration by openEMS v0.0.36-67-g0bc6c61 @Fri May 16 09:38:12 2025
% start-coordinates: (2.49161e-05,-1e-06,0.00028933) m -> [107,15,22]
% stop-coordinates: (2.49161e-05,9.54184e-06,0.00029218) m -> [107,22,25]
% t/s	current
1.24445864045e-15	0
4.16769198687e-12	-5.84902196121e-11
8.3341395151e-12	-6.34424179857e-11
1.25005870433e-11	1.00853700391e-11
1.66670345716e-11	2.84961026997e-10
2.08334820998e-11	9.52984025027e-10
2.4999929628e-11	2.22594698229e-09
2.91663771563e-11	4.18129220137e-09
3.33328246845e-11	6.4773320041e-09
3.74992722127e-11	7.99185517764e-09
4.1665719741e-11	6.57056897779e-09
4.58321672692e-11	-7.96853583118e-10
4.99986147974e-11	-1.70592500126e-08
5.41650623257e-11	-4.33761471186e-08
5.83315098539e-11	-7.70295969232e-08
6.24979573821e-11	-1.10011377785e-07
6.66644049104e-11	-1.29574175389e-07
7.08308524386e-11	-1.21556212207e-07
7.49972999668e-11	-7.60058256333e-08
7.9163747495e-11	6.94262780598e-09
8.33301950233e-11	1.13916463818e-07
8.74966425515e-11	2.2027397506e-07
9.16630900797e-11	2.97426169027e-07
9.5829537608e-11	3.22963558119e-07
9.99959851362e-11	2.89223152095e-07
1.04162432664e-10	2.06308698125e-07
1.08328880193e-10	9.81168639669e-08
1.12495327721e-10	-6.73101130388e-09
1.16661775249e-10	-8.48600407721e-08
1.20828222777e-10	-1.24795278111e-07
1.24994670306e-10	-1.28124213461e-07
1.29161117834e-10	-1.05778497073e-07
1.33327565362e-10	-7.20214217154e-08
1.3749401289e-10	-3.90601648803e-08
1.41660460419e-10	-1.41245459773e-08
1.45826907947e-10	7.34935612368e-10
1.49993355475e-10	7.05942770907e-09
1.54159803003e-10	7.89406140456e-09
1.58326250531e-10	6.16288842181e-09
1.6249269806e-10	3.86968856958e-09
1.66659145588e-10	2.00470906542e-09
1.70825593116e-10	8.28361712557e-10
1.74992040644e-10	2.29786245587e-10
1.79158488173e-10	-6.29615803938e-12
1.83324935701e-10	-6.30619723108e-11
1.87491383229e-10	-5.34727123691e-11
1.91657830757e-10	-3.42871425696e-11
1.95824278286e-10	-3.44564377031e-11
1.99990725814e-10	-3.45732747986e-11
2.04157173342e-10	-3.47091799746e-11
2.0832362087e-10	-3.48277240381e-11
2.12490068398e-10	-3.49190676374e-11
2.16656515927e-10	-3.50200840549e-11
2.20822963455e-10	-3.5126485054e-11
2.24989410983e-10	-3.51838350121e-11
2.29155858511e-10	-3.52953083427e-11
2.3332230604e-10	-3.53435267164e-11
2.37488753568e-10	-3.54050677664e-11
2.41655201096e-10	-3.54766355182e-11
2.45821648624e-10	-3.55349430436e-11
2.49988096153e-10	-3.56023197035e-11
2.54154543681e-10	-3.56446400174e-11
2.58320991209e-10	-3.57086443747e-11
2.62487438737e-10	-3.57530741124e-11
2.66653886265e-10	-3.57738699774e-11
2.70820333794e-10	-3.58441470949e-11
2.74986781322e-10	-3.58759376373e-11
2.7915322885e-10	-3.59052267085e-11
