% time-domain current integration by openEMS v0.0.36-67-g0bc6c61 @Fri May 16 09:38:12 2025
% start-coordinates: (-2.64261e-05,-1e-06,0.00028933) m -> [73,15,22]
% stop-coordinates: (-2.64261e-05,9.54184e-06,0.00029218) m -> [73,22,25]
% t/s	current
1.24445864045e-15	0
4.16769198687e-12	-5.85002601916e-11
8.3341395151e-12	-6.34012495282e-11
1.25005870433e-11	1.00799160685e-11
1.66670345716e-11	2.84960388619e-10
2.08334820998e-11	9.52975809376e-10
2.4999929628e-11	2.2259301069e-09
2.91663771563e-11	4.18131040902e-09
3.33328246845e-11	6.47734310633e-09
3.74992722127e-11	7.99181432143e-09
4.1665719741e-11	6.57056187237e-09
4.58321672692e-11	-7.96803178993e-10
4.99986147974e-11	-1.70592802107e-08
5.41650623257e-11	-4.33761755403e-08
5.83315098539e-11	-7.70296395558e-08
6.24979573821e-11	-1.10011441734e-07
6.66644049104e-11	-1.29574175389e-07
7.08308524386e-11	-1.21556183785e-07
7.49972999668e-11	-7.60058469496e-08
7.9163747495e-11	6.94262514145e-09
8.33301950233e-11	1.13916449607e-07
8.74966425515e-11	2.20273932428e-07
9.16630900797e-11	2.97426140605e-07
9.5829537608e-11	3.22963558119e-07
9.99959851362e-11	2.89223038408e-07
1.04162432664e-10	2.06308669704e-07
1.08328880193e-10	9.81168355452e-08
1.12495327721e-10	-6.73100686299e-09
1.16661775249e-10	-8.48600762993e-08
1.20828222777e-10	-1.24795263901e-07
1.24994670306e-10	-1.2812419925e-07
1.29161117834e-10	-1.05778497073e-07
1.33327565362e-10	-7.20214359262e-08
1.3749401289e-10	-3.90601790912e-08
1.41660460419e-10	-1.41245344309e-08
1.45826907947e-10	7.349183484e-10
1.49993355475e-10	7.05942548862e-09
1.54159803003e-10	7.89403742374e-09
1.58326250531e-10	6.16288042821e-09
1.6249269806e-10	3.86968279642e-09
1.66659145588e-10	2.00471261813e-09
1.70825593116e-10	8.2837969817e-10
1.74992040644e-10	2.29779473226e-10
1.79158488173e-10	-6.27931040498e-12
1.83324935701e-10	-6.3076932566e-11
1.87491383229e-10	-5.3477888784e-11
1.91657830757e-10	-3.4279398764e-11
1.95824278286e-10	-3.44334283309e-11
1.99990725814e-10	-3.45566214532e-11
2.04157173342e-10	-3.4702421492e-11
2.0832362087e-10	-3.48274603601e-11
2.12490068398e-10	-3.49161810576e-11
2.16656515927e-10	-3.50213608113e-11
2.20822963455e-10	-3.5121253128e-11
2.24989410983e-10	-3.51757581396e-11
2.29155858511e-10	-3.52845808127e-11
2.3332230604e-10	-3.53479606696e-11
2.37488753568e-10	-3.54081486353e-11
2.41655201096e-10	-3.54703627581e-11
2.45821648624e-10	-3.55463297685e-11
2.49988096153e-10	-3.55957832654e-11
2.54154543681e-10	-3.56417048653e-11
2.58320991209e-10	-3.57080268132e-11
2.62487438737e-10	-3.57454066346e-11
2.66653886265e-10	-3.57660359662e-11
2.70820333794e-10	-3.58493339181e-11
2.74986781322e-10	-3.58703483583e-11
2.7915322885e-10	-3.59129566363e-11
