% time-domain voltage integration by openEMS v0.0.36-67-g0bc6c61 @Fri May 16 09:38:12 2025
% start-coordinates: (-2.94463e-05,5.02391e-06,0.00029118) m -> [71,19,24]
% stop-coordinates: (-2.18959e-05,5.02391e-06,0.00029118) m -> [76,19,24]
% t/s	voltage
0	-0
4.16644752823e-12	-1.67841573973e-11
8.33289505646e-12	7.93068388738e-12
1.24993425847e-11	9.98538300656e-11
1.66657901129e-11	2.99520075409e-10
2.08322376412e-11	6.7343730592e-10
2.49986851694e-11	1.20426602024e-09
2.91651326976e-11	1.73696790284e-09
3.33315802259e-11	1.87364079807e-09
3.74980277541e-11	9.11889230792e-10
4.16644752823e-11	-1.97610461328e-09
4.58309228106e-11	-7.36646743604e-09
4.99973703388e-11	-1.49580330344e-08
5.4163817867e-11	-2.30238299537e-08
5.83302653952e-11	-2.82592225176e-08
6.24967129235e-11	-2.65499124907e-08
6.66631604517e-11	-1.46435468196e-08
7.08296079799e-11	7.82779352448e-09
7.49960555082e-11	3.68903840808e-08
7.91625030364e-11	6.45319708781e-08
8.33289505646e-11	8.11613176666e-08
8.74953980929e-11	7.94208290245e-08
9.16618456211e-11	5.76967522647e-08
9.58282931493e-11	2.14278088606e-08
9.99947406776e-11	-1.86686293091e-08
1.04161188206e-10	-5.07778850078e-08
1.08327635734e-10	-6.6572056312e-08
1.12494083262e-10	-6.40537685115e-08
1.1666053079e-10	-4.74430237318e-08
1.20826978319e-10	-2.45968294621e-08
1.24993425847e-10	-3.41549366567e-09
1.29159873375e-10	1.09231450551e-08
1.33326320903e-10	1.69865472799e-08
1.37492768432e-10	1.63565232469e-08
1.4165921596e-10	1.20241878676e-08
1.45825663488e-10	6.84734446921e-09
1.49992111016e-10	2.63850452598e-09
1.54158558545e-10	6.45563602575e-11
1.58325006073e-10	-1.04988195915e-09
1.62491453601e-10	-1.2237428848e-09
1.66657901129e-10	-9.6818375539e-10
1.70824348658e-10	-6.27900398342e-10
1.74990796186e-10	-3.57987195443e-10
1.79157243714e-10	-1.98441939964e-10
1.83323691242e-10	-1.19220688877e-10
1.8749013877e-10	-8.66428595536e-11
1.91656586299e-10	-9.12478148596e-11
1.95823033827e-10	-8.42491354458e-11
1.99989481355e-10	-8.00848831695e-11
2.04155928883e-10	-7.29166726998e-11
2.08322376412e-10	-6.75131756056e-11
2.1248882394e-10	-6.41934561063e-11
2.16655271468e-10	-5.91258431104e-11
2.20821718996e-10	-5.54433721156e-11
2.24988166525e-10	-5.29195853805e-11
2.29154614053e-10	-4.78847794749e-11
2.33321061581e-10	-4.5053002995e-11
2.37487509109e-10	-4.23511919978e-11
2.41653956637e-10	-3.98898969411e-11
2.45820404166e-10	-3.66607161295e-11
2.49986851694e-10	-3.45769524124e-11
2.54153299222e-10	-3.27890492535e-11
2.5831974675e-10	-2.88547796767e-11
2.62486194279e-10	-2.8439459121e-11
2.66652641807e-10	-2.72469130591e-11
2.70819089335e-10	-2.28948249248e-11
2.74985536863e-10	-2.23703972013e-11
2.79151984392e-10	-2.0899268427e-11
