% time-domain voltage integration by openEMS v0.0.36-67-g0bc6c61 @Tue Apr  8 16:00:37 2025
% start-coordinates: (-4.21563e-05,5.01263e-06,0.00029118) m -> [105,20,24]
% stop-coordinates: (4.21563e-05,5.01263e-06,0.00029118) m -> [161,20,24]
% t/s	voltage
0	-0
4.16647332663e-12	-7.65274101033e-09
8.33294665326e-12	-8.43970635045e-09
1.24994199799e-11	2.0504845738e-09
1.66658933065e-11	3.58152253965e-08
2.08323666332e-11	1.21398854747e-07
2.49988399598e-11	2.86589112886e-07
2.91653132864e-11	5.42958125571e-07
3.33317866131e-11	8.52441784716e-07
3.74982599397e-11	1.07546586037e-06
4.16647332663e-11	9.39069542127e-07
4.58312065929e-11	5.12092888094e-08
4.99976799196e-11	-1.99457969075e-06
5.41641532462e-11	-5.40809740812e-06
5.83306265728e-11	-9.93443134689e-06
6.24970998995e-11	-1.46471385278e-05
6.66635732261e-11	-1.79582037561e-05
7.08300465527e-11	-1.79579184874e-05
7.49965198794e-11	-1.30651662147e-05
7.9162993206e-11	-2.78435598489e-06
8.33294665326e-11	1.1757106904e-05
8.74959398593e-11	2.77992137967e-05
9.16624131859e-11	4.15852464926e-05
9.58288865125e-11	4.94735230632e-05
9.99953598392e-11	4.91277328365e-05
1.04161833166e-10	4.03239464504e-05
1.08328306492e-10	2.50618709288e-05
1.12494779819e-10	6.94502542942e-06
1.16661253146e-10	-9.93047723341e-06
1.20827726472e-10	-2.21746454088e-05
1.24994199799e-10	-2.79880479184e-05
1.29160673126e-10	-2.74687408819e-05
1.33327146452e-10	-2.22965693411e-05
1.37493619779e-10	-1.49679119659e-05
1.41660093105e-10	-7.89467108575e-06
1.45826566432e-10	-2.70075980469e-06
1.49993039759e-10	6.55842971042e-08
1.54159513085e-10	7.78613561181e-07
1.58325986412e-10	2.95926938065e-07
1.62492459739e-10	-5.21507136142e-07
1.66658933065e-10	-1.12638444794e-06
1.70825406392e-10	-1.35742638641e-06
1.74991879719e-10	-1.31998182784e-06
1.79158353045e-10	-1.1996326707e-06
1.83324826372e-10	-1.12256376514e-06
1.87491299698e-10	-1.11303928577e-06
1.91657773025e-10	-1.12915614009e-06
1.95824246352e-10	-1.12232458988e-06
1.99990719678e-10	-1.07229565003e-06
2.04157193005e-10	-9.95273442342e-07
2.08323666332e-10	-9.20951565613e-07
2.12490139658e-10	-8.68597052894e-07
2.16656612985e-10	-8.37781287871e-07
2.20823086311e-10	-8.16521919265e-07
2.24989559638e-10	-7.91640011336e-07
2.29156032965e-10	-7.57938637408e-07
2.33322506291e-10	-7.18571946737e-07
2.37488979618e-10	-6.79903985321e-07
2.41655452945e-10	-6.46698740552e-07
2.45821926271e-10	-6.19554784802e-07
2.49988399598e-10	-5.9582348258e-07
2.54154872925e-10	-5.72474469038e-07
2.58321346251e-10	-5.48040445275e-07
2.62487819578e-10	-5.22871170458e-07
2.66654292904e-10	-4.98442580446e-07
2.70820766231e-10	-4.7582332241e-07
2.74987239558e-10	-4.55226928403e-07
2.79153712884e-10	-4.36190421796e-07
2.83320186211e-10	-4.17888870924e-07
2.87486659538e-10	-3.99962155423e-07
2.91653132864e-10	-3.82402053994e-07
2.95819606191e-10	-3.65461434546e-07
2.99986079517e-10	-3.49440553743e-07
3.04152552844e-10	-3.34346006825e-07
3.08319026171e-10	-3.20075223756e-07
3.12485499497e-10	-3.06450546633e-07
3.16651972824e-10	-2.93315889549e-07
3.20818446151e-10	-2.80679015044e-07
3.24984919477e-10	-2.68549447249e-07
3.29151392804e-10	-2.56975092455e-07
3.33317866131e-10	-2.45973252336e-07
3.37484339457e-10	-2.35484702349e-07
3.41650812784e-10	-2.25474886734e-07
3.4581728611e-10	-2.15875622905e-07
3.49983759437e-10	-2.06675000308e-07
3.54150232764e-10	-1.97876483331e-07
3.5831670609e-10	-1.89459382821e-07
3.62483179417e-10	-1.81424288676e-07
3.66649652744e-10	-1.73750160634e-07
3.7081612607e-10	-1.66413827371e-07
3.74982599397e-10	-1.59397588323e-07
3.79149072723e-10	-1.52675749779e-07
3.8331554605e-10	-1.46249551282e-07
3.87482019377e-10	-1.40100594181e-07
3.91648492703e-10	-1.34221531965e-07
3.9581496603e-10	-1.28604536895e-07
3.99981439357e-10	-1.23224694802e-07
4.04147912683e-10	-1.1808421211e-07
4.0831438601e-10	-1.13163076701e-07
4.12480859337e-10	-1.0845393613e-07
4.16647332663e-10	-1.03950664437e-07
4.2081380599e-10	-9.96368915845e-08
4.24980279316e-10	-9.55156916685e-08
4.29146752643e-10	-9.1569448718e-08
4.3331322597e-10	-8.77921818992e-08
4.37479699296e-10	-8.4179547305e-08
4.41646172623e-10	-8.07188729052e-08
4.4581264595e-10	-7.74096061834e-08
4.49979119276e-10	-7.42420605826e-08
4.54145592603e-10	-7.12058202401e-08
4.58312065929e-10	-6.83052093775e-08
4.62478539256e-10	-6.55238580477e-08
4.66645012583e-10	-6.28630687227e-08
4.70811485909e-10	-6.03157197521e-08
4.74977959236e-10	-5.78749134311e-08
4.79144432563e-10	-5.55414105541e-08
4.83310905889e-10	-5.33032689931e-08
4.87477379216e-10	-5.1159964029e-08
4.91643852543e-10	-4.91099206024e-08
4.95810325869e-10	-4.71447023781e-08
4.99976799196e-10	-4.52634762449e-08
5.04143272522e-10	-4.34594464999e-08
5.08309745849e-10	-4.17329341362e-08
5.12476219176e-10	-4.00798089439e-08
5.16642692502e-10	-3.84934037284e-08
5.20809165829e-10	-3.69746759044e-08
5.24975639156e-10	-3.55199878677e-08
5.29142112482e-10	-3.4125287221e-08
5.33308585809e-10	-3.27894640884e-08
5.37475059135e-10	-3.15086825659e-08
5.41641532462e-10	-3.02812762643e-08
5.45808005789e-10	-2.91051369949e-08
5.49974479115e-10	-2.79767290723e-08
5.54140952442e-10	-2.68962251221e-08
5.58307425769e-10	-2.58593642471e-08
5.62473899095e-10	-2.48658334062e-08
5.66640372422e-10	-2.39125474144e-08
5.70806845748e-10	-2.29989848138e-08
5.74973319075e-10	-2.21229910086e-08
5.79139792402e-10	-2.12820749357e-08
