% time-domain current integration by openEMS v0.0.36-67-g0bc6c61 @Mon May 12 10:50:21 2025
% start-coordinates: (-1.517e-06,-1e-06,0.00028933) m -> [72,14,22]
% stop-coordinates: (-1.517e-06,9.57645e-06,0.00029218) m -> [72,21,25]
% t/s	current
1.27674115551e-15	0
4.16600639044e-12	-4.33291805213e-11
8.33073603973e-12	-5.16690787378e-11
1.2495465689e-11	3.58370833009e-11
1.66601953383e-11	2.28322694085e-10
2.08249249876e-11	6.58331777981e-10
2.49896546369e-11	1.41197797898e-09
2.91543842862e-11	2.47899745176e-09
3.33191139355e-11	3.53902240846e-09
3.74838435848e-11	3.79565090469e-09
4.1648573234e-11	1.95181426577e-09
4.58133028833e-11	-3.51770523821e-09
4.99780325326e-11	-1.36157032316e-08
5.41427621819e-11	-2.77652070224e-08
5.83074918312e-11	-4.28939230801e-08
6.24722214805e-11	-5.340859488e-08
6.66369511298e-11	-5.26784091903e-08
7.08016807791e-11	-3.59590899279e-08
7.49664104283e-11	-3.64478225379e-09
7.91311400776e-11	3.70045398768e-08
8.32958697269e-11	7.33019049903e-08
8.74605993762e-11	9.19496301321e-08
9.16253290255e-11	8.53225259334e-08
9.57900586748e-11	5.59601147643e-08
9.99547883241e-11	1.64262381475e-08
1.04119517973e-10	-1.59706612379e-08
1.08284247623e-10	-2.71090900839e-08
1.12448977272e-10	-1.24928085654e-08
1.16613706921e-10	2.1189840993e-08
1.20778436571e-10	5.99683147584e-08
1.2494316622e-10	8.95028904324e-08
1.29107895869e-10	1.01178223133e-07
1.33272625518e-10	9.45342932823e-08
1.37437355168e-10	7.55833866606e-08
1.41602084817e-10	5.27630561464e-08
1.45766814466e-10	3.3030246982e-08
1.49931544116e-10	1.98328073964e-08
1.54096273765e-10	1.32214630355e-08
1.58261003414e-10	1.12624300996e-08
1.62425733063e-10	1.16136797956e-08
1.66590462713e-10	1.25202825885e-08
1.70755192362e-10	1.30934019182e-08
1.74919922011e-10	1.31127979586e-08
1.79084651661e-10	1.2696124152e-08
1.8324938131e-10	1.20423342409e-08
1.87414110959e-10	1.13077778252e-08
1.91578840608e-10	1.05773834136e-08
1.95743570258e-10	9.87866410895e-09
1.99908299907e-10	9.23410947706e-09
2.04073029556e-10	8.64964189162e-09
2.08237759206e-10	8.10682365682e-09
2.12402488855e-10	7.59402407624e-09
2.16567218504e-10	7.10598957454e-09
2.20731948153e-10	6.64924781901e-09
2.24896677803e-10	6.22338269807e-09
2.29061407452e-10	5.82564219087e-09
2.33226137101e-10	5.45286038545e-09
2.37390866751e-10	5.10254238861e-09
2.415555964e-10	4.77416550737e-09
2.45720326049e-10	4.46689707445e-09
2.49885055698e-10	4.17924317375e-09
2.54049785348e-10	3.9096881288e-09
2.58214514997e-10	3.65731067653e-09
2.62379244646e-10	3.42070394233e-09
2.66543974296e-10	3.19904103208e-09
2.70708703945e-10	2.99150104688e-09
2.74873433594e-10	2.79728973318e-09
2.79038163243e-10	2.61514343514e-09
2.83202892893e-10	2.44468045807e-09
2.87367622542e-10	2.28494778653e-09
2.91532352191e-10	2.13538053906e-09
2.95697081841e-10	1.99534078149e-09
2.9986181149e-10	1.86403381619e-09
3.04026541139e-10	1.74116199236e-09
3.08191270789e-10	1.62618807309e-09
3.12356000438e-10	1.51839807394e-09
3.16520730087e-10	1.41739653348e-09
3.20685459736e-10	1.32291300137e-09
3.24850189386e-10	1.23435273114e-09
3.29014919035e-10	1.15143006241e-09
3.33179648684e-10	1.07376985081e-09
3.37344378334e-10	1.00103847434e-09
3.41509107983e-10	9.32880439564e-10
3.45673837632e-10	8.69142924298e-10
3.49838567281e-10	8.09364686383e-10
3.54003296931e-10	7.53422102484e-10
3.5816802658e-10	7.01052382812e-10
3.62332756229e-10	6.51955822661e-10
3.66497485879e-10	6.05985428503e-10
3.70662215528e-10	5.6294358064e-10
3.74826945177e-10	5.2263499084e-10
3.78991674826e-10	4.84940532175e-10
3.83156404476e-10	4.49564330207e-10
3.87321134125e-10	4.16433942885e-10
