% time-domain voltage integration by openEMS v0.0.36-67-g0bc6c61 @Mon May 12 10:50:21 2025
% start-coordinates: (-1.3653e-05,5.04369e-06,0.00029118) m -> [64,18,24]
% stop-coordinates: (1.3653e-05,5.04369e-06,0.00029118) m -> [82,18,24]
% t/s	voltage
0	-0
4.16472964929e-12	-3.59329122013e-09
8.32945929858e-12	-3.6381724855e-09
1.24941889479e-11	-2.3272590105e-10
1.66589185972e-11	1.7365216598e-08
2.08236482464e-11	6.12732984351e-08
2.49883778957e-11	1.47045200904e-07
2.9153107545e-11	2.8159214871e-07
3.33178371943e-11	4.45898438173e-07
3.74825668436e-11	5.6905605561e-07
4.16472964929e-11	5.07237825076e-07
4.58120261422e-11	4.96215037948e-08
4.99767557915e-11	-1.02755443265e-06
5.41414854408e-11	-2.84658972305e-06
5.830621509e-11	-5.27739589984e-06
6.24709447393e-11	-7.81389434223e-06
6.66356743886e-11	-9.56886447057e-06
7.08004040379e-11	-9.46093052789e-06
7.49651336872e-11	-6.59285367988e-06
7.91298633365e-11	-7.0835877608e-07
8.32945929858e-11	7.47479742813e-06
8.74593226351e-11	1.62597671078e-05
9.16240522843e-11	2.33856633258e-05
9.57887819336e-11	2.67590434078e-05
9.99535115829e-11	2.52217137131e-05
1.04118241232e-10	1.90198056771e-05
1.08282970882e-10	9.75109986712e-06
1.12447700531e-10	-1.98039453281e-07
1.1661243018e-10	-8.48245844054e-06
1.20777159829e-10	-1.35412899454e-05
1.24941889479e-10	-1.49668059066e-05
1.29106619128e-10	-1.34064979989e-05
1.33271348777e-10	-1.01194994784e-05
1.37436078427e-10	-6.43037961368e-06
1.41600808076e-10	-3.3119481202e-06
1.45765537725e-10	-1.21637078165e-06
1.49930267374e-10	-1.38742041855e-07
1.54094997024e-10	1.9189249123e-07
1.58259726673e-10	1.12435390776e-07
1.62424456322e-10	-1.06824293411e-07
1.66589185972e-10	-3.09130325782e-07
1.70753915621e-10	-4.36704001405e-07
1.7491864527e-10	-4.90966215905e-07
1.79083374919e-10	-4.9579476992e-07
1.83248104569e-10	-4.75350381196e-07
1.87412834218e-10	-4.45823220147e-07
1.91577563867e-10	-4.15615668867e-07
1.95742293517e-10	-3.88372788276e-07
1.99907023166e-10	-3.63245605636e-07
2.04071752815e-10	-3.40456838041e-07
2.08236482464e-10	-3.19296110288e-07
2.12401212114e-10	-2.99304366777e-07
2.16565941763e-10	-2.80278680112e-07
2.20730671412e-10	-2.62472306167e-07
2.24895401062e-10	-2.45870145091e-07
2.29060130711e-10	-2.30365587967e-07
2.3322486036e-10	-2.1583441534e-07
2.37389590009e-10	-2.02175904962e-07
2.41554319659e-10	-1.89372666701e-07
2.45719049308e-10	-1.77394694295e-07
2.49883778957e-10	-1.66179720026e-07
2.54048508607e-10	-1.55672229565e-07
2.58213238256e-10	-1.45831442186e-07
2.62377967905e-10	-1.36608419798e-07
2.66542697554e-10	-1.27969424557e-07
2.70707427204e-10	-1.19878801857e-07
2.74872156853e-10	-1.12305627228e-07
2.79036886502e-10	-1.05206305209e-07
2.83201616152e-10	-9.85592001693e-08
2.87366345801e-10	-9.23327005409e-08
2.9153107545e-10	-8.65030860414e-08
2.95695805099e-10	-8.10417226035e-08
2.99860534749e-10	-7.59232726549e-08
3.04025264398e-10	-7.11334538148e-08
3.08189994047e-10	-6.66513829684e-08
3.12354723697e-10	-6.24487309989e-08
3.16519453346e-10	-5.85119139876e-08
3.20684182995e-10	-5.48273756049e-08
3.24848912645e-10	-5.13757444781e-08
3.29013642294e-10	-4.81440707856e-08
3.33178371943e-10	-4.51153770314e-08
3.37343101592e-10	-4.22805107314e-08
3.41507831242e-10	-3.96230653704e-08
3.45672560891e-10	-3.7138687542e-08
3.4983729054e-10	-3.48075615692e-08
3.5400202019e-10	-3.26286887509e-08
3.58166749839e-10	-3.05848738696e-08
3.62331479488e-10	-2.86717685982e-08
3.66496209137e-10	-2.68795027625e-08
3.70660938787e-10	-2.52014911717e-08
3.74825668436e-10	-2.36309484758e-08
3.78990398085e-10	-2.21606309692e-08
3.83155127735e-10	-2.07820071707e-08
3.87319857384e-10	-1.9490099562e-08
