% time-domain current integration by openEMS v0.0.36-67-g0bc6c61 @Thu Apr 10 11:31:59 2025
% start-coordinates: (-1.50838e-06,-1e-06,0.00028933) m -> [122,16,22]
% stop-coordinates: (-1.50838e-06,9.53869e-06,0.00029218) m -> [122,23,25]
% t/s	current
1.24402790175e-15	0
4.16624944297e-12	-6.83596304563e-11
8.33125485804e-12	-7.02359420623e-11
1.24962602731e-11	3.33624729405e-12
1.66612656882e-11	4.02323480087e-10
2.08262711033e-11	1.22951893111e-09
2.49912765183e-11	2.73653899541e-09
2.91562819334e-11	4.92248197759e-09
3.33212873485e-11	7.2131309814e-09
3.74862927635e-11	8.05822431005e-09
4.16512981786e-11	4.73328976014e-09
4.58163035937e-11	-6.17569861916e-09
4.99813090088e-11	-2.73250666538e-08
5.41463144238e-11	-5.81882950712e-08
5.83113198389e-11	-9.2626272874e-08
6.2476325254e-11	-1.18014682471e-07
6.6641330669e-11	-1.17721441484e-07
7.08063360841e-11	-7.7489829664e-08
7.49713414992e-11	5.94074833771e-09
7.91363469143e-11	1.18098334667e-07
8.33013523293e-11	2.26806037062e-07
8.74663577444e-11	2.91611286229e-07
9.16313631595e-11	2.8047475098e-07
9.57963685745e-11	1.86484356846e-07
9.99613739896e-11	3.55074973868e-08
1.04126379405e-10	-1.21021585642e-07
1.0829138482e-10	-2.26451732033e-07
1.12456390235e-10	-2.43204510753e-07
1.1662139565e-10	-1.68877136275e-07
1.20786401065e-10	-3.60142671241e-08
1.2495140648e-10	1.03965518861e-07
1.29116411895e-10	2.03918574471e-07
1.3328141731e-10	2.39455459905e-07
1.37446422725e-10	2.14578818714e-07
1.4161142814e-10	1.53939552661e-07
1.45776433555e-10	8.7893596401e-08
1.4994143897e-10	3.88790404315e-08
1.54106444386e-10	1.50478953742e-08
1.58271449801e-10	1.20326886233e-08
1.62436455216e-10	1.95193621266e-08
1.66601460631e-10	2.79871397169e-08
1.70766466046e-10	3.24191518075e-08
1.74931471461e-10	3.23921263146e-08
1.79096476876e-10	2.9975424809e-08
1.83261482291e-10	2.74047149418e-08
1.87426487706e-10	2.57866883402e-08
1.91591493121e-10	2.50488181308e-08
1.95756498536e-10	2.456364534e-08
1.99921503951e-10	2.38538486741e-08
2.04086509366e-10	2.27869012548e-08
2.08251514781e-10	2.15617781407e-08
2.12416520197e-10	2.03972909674e-08
2.16581525612e-10	1.94152729449e-08
2.20746531027e-10	1.86053537021e-08
2.24911536442e-10	1.78748962298e-08
2.29076541857e-10	1.71508336422e-08
2.33241547272e-10	1.64056981333e-08
2.37406552687e-10	1.56579709198e-08
2.41571558102e-10	1.49383225789e-08
2.45736563517e-10	1.42673224346e-08
2.49901568932e-10	1.36448026211e-08
2.54066574347e-10	1.30592923142e-08
2.58231579762e-10	1.24977095339e-08
2.62396585177e-10	1.19536975873e-08
2.66561590592e-10	1.1428514135e-08
2.70726596008e-10	1.09245448243e-08
2.74891601423e-10	1.04452357874e-08
2.79056606838e-10	9.98954874376e-09
2.83221612253e-10	9.55575973904e-09
2.87386617668e-10	9.14122288975e-09
2.91551623083e-10	8.74408723206e-09
2.95716628498e-10	8.3635942616e-09
2.99881633913e-10	7.99948640662e-09
3.04046639328e-10	7.65166152661e-09
3.08211644743e-10	7.31961247169e-09
3.12376650158e-10	7.002115332e-09
3.16541655573e-10	6.69904842709e-09
3.20706660988e-10	6.40872199753e-09
3.24871666403e-10	6.13132122851e-09
3.29036671819e-10	5.86593529306e-09
3.33201677234e-10	5.61204238636e-09
3.37366682649e-10	5.36942668106e-09
3.41531688064e-10	5.13730613605e-09
3.45696693479e-10	4.91550711246e-09
3.49861698894e-10	4.70318139989e-09
3.54026704309e-10	4.50014203679e-09
3.58191709724e-10	4.30602842272e-09
3.62356715139e-10	4.12009759643e-09
3.66521720554e-10	3.94248367286e-09
3.70686725969e-10	3.7723393298e-09
3.74851731384e-10	3.6096090561e-09
3.79016736799e-10	3.45414741254e-09
3.83181742214e-10	3.30507399227e-09
3.8734674763e-10	3.16263948363e-09
3.91511753045e-10	3.02625413617e-09
3.9567675846e-10	2.8956785858e-09
3.99841763875e-10	2.77078449074e-09
4.0400676929e-10	2.65121169463e-09
4.08171774705e-10	2.53681853302e-09
4.1233678012e-10	2.42725528565e-09
4.16501785535e-10	2.32237962194e-09
4.2066679095e-10	2.22198792699e-09
4.24831796365e-10	2.12588280313e-09
4.2899680178e-10	2.03390193576e-09
4.33161807195e-10	1.94572402634e-09
4.3732681261e-10	1.86138693348e-09
4.41491818025e-10	1.78058090494e-09
4.45656823441e-10	1.70312197678e-09
4.49821828856e-10	1.62908964096e-09
4.53986834271e-10	1.55804424917e-09
4.58151839686e-10	1.49007517436e-09
4.62316845101e-10	1.42499778644e-09
4.66481850516e-10	1.36259392658e-09
4.70646855931e-10	1.30278987598e-09
4.74811861346e-10	1.24546661873e-09
4.78976866761e-10	1.1906220454e-09
4.83141872176e-10	1.13801312818e-09
4.87306877591e-10	1.08763753559e-09
4.91471883006e-10	1.03934705287e-09
4.95636888421e-10	9.93025439655e-10
4.99801893836e-10	9.48694123259e-10
5.03966899251e-10	9.06127783917e-10
5.08131904667e-10	8.65367388858e-10
5.12296910082e-10	8.26273105492e-10
5.16461915497e-10	7.88784648709e-10
5.20626920912e-10	7.5288425494e-10
5.24791926327e-10	7.18412718204e-10
5.28956931742e-10	6.85339562878e-10
5.33121937157e-10	6.53651299753e-10
5.37286942572e-10	6.2326643846e-10
5.41451947987e-10	5.94087279371e-10
5.45616953402e-10	5.66089675136e-10
5.49781958817e-10	5.39285283097e-10
5.53946964232e-10	5.13559805793e-10
5.58111969647e-10	4.88801499277e-10
5.62276975062e-10	4.6510589824e-10
5.66441980478e-10	4.42368919273e-10
5.70606985893e-10	4.20540963164e-10
5.74771991308e-10	3.99565602827e-10
5.78936996723e-10	3.79457132382e-10
5.83102002138e-10	3.60135921085e-10
5.87267007553e-10	3.41604300402e-10
5.91432012968e-10	3.23795212864e-10
5.95597018383e-10	3.06711378517e-10
