% time-domain voltage integration by openEMS v0.0.36-67-g0bc6c61 @Thu Apr 10 11:31:59 2025
% start-coordinates: (-4.07262e-05,5.02211e-06,0.00029118) m -> [96,20,24]
% stop-coordinates: (4.07262e-05,5.02211e-06,0.00029118) m -> [150,20,24]
% t/s	voltage
0	-0
4.16500541507e-12	-6.6456999348e-09
8.33001083014e-12	-7.09294717405e-09
1.24950162452e-11	2.35007838884e-09
1.66600216603e-11	3.15795333217e-08
2.08250270754e-11	1.0697378916e-07
2.49900324904e-11	2.51663470507e-07
2.91550379055e-11	4.7625161681e-07
3.33200433206e-11	7.46089064307e-07
3.74850487356e-11	9.40297852026e-07
4.16500541507e-11	8.21830502318e-07
4.58150595658e-11	4.95795577926e-08
4.99800649809e-11	-1.729452066e-06
5.41450703959e-11	-4.70040126999e-06
5.8310075811e-11	-8.64915904231e-06
6.24750812261e-11	-1.27833369845e-05
6.66400866411e-11	-1.57367281588e-05
7.08050920562e-11	-1.58566615198e-05
7.49700974713e-11	-1.17562221646e-05
7.91351028863e-11	-2.96336094507e-06
8.33001083014e-11	9.60942185202e-06
8.74651137165e-11	2.36381787317e-05
9.16301191316e-11	3.59073222853e-05
9.57951245466e-11	4.32450394783e-05
9.99601299617e-11	4.35420262193e-05
1.04125135377e-10	3.64658333183e-05
1.08290140792e-10	2.35962833415e-05
1.12455146207e-10	7.93804529309e-06
1.16620151622e-10	-7.00077424654e-06
1.20785157037e-10	-1.82295075319e-05
1.24950162452e-10	-2.40522383024e-05
1.29115167867e-10	-2.43697764404e-05
1.33280173282e-10	-2.04585469703e-05
1.37445178697e-10	-1.43600020692e-05
1.41610184112e-10	-8.13813042555e-06
1.45775189527e-10	-3.27698633562e-06
1.49940194943e-10	-4.01778875059e-07
1.54105200358e-10	6.45534496968e-07
1.58270205773e-10	4.88131064458e-07
1.62435211188e-10	-1.62843154072e-07
1.66600216603e-10	-7.83884255284e-07
1.70765222018e-10	-1.13961081238e-06
1.74930227433e-10	-1.23103913741e-06
1.79095232848e-10	-1.17258686633e-06
1.83260238263e-10	-1.0802601053e-06
1.87425243678e-10	-1.01503785525e-06
1.91590249093e-10	-9.83079961533e-07
1.95755254508e-10	-9.64186780202e-07
1.99920259923e-10	-9.36583270821e-07
2.04085265338e-10	-8.95015009807e-07
2.08250270754e-10	-8.47179209007e-07
2.12415276169e-10	-8.01676664809e-07
2.16580281584e-10	-7.63288417721e-07
2.20745286999e-10	-7.31640421407e-07
2.24910292414e-10	-7.03126128078e-07
2.29075297829e-10	-6.74869410959e-07
2.33240303244e-10	-6.45795944082e-07
2.37405308659e-10	-6.16607719578e-07
2.41570314074e-10	-5.88512778926e-07
2.45735319489e-10	-5.62314046944e-07
2.49900324904e-10	-5.3800921309e-07
2.54065330319e-10	-5.15156412487e-07
2.58230335734e-10	-4.93238113873e-07
2.62395341149e-10	-4.72008481599e-07
2.66560346565e-10	-4.51510736438e-07
2.7072535198e-10	-4.31842352537e-07
2.74890357395e-10	-4.13137922088e-07
2.7905536281e-10	-3.95352365269e-07
2.83220368225e-10	-3.78426905479e-07
2.8738537364e-10	-3.62250212868e-07
2.91550379055e-10	-3.46751623137e-07
2.9571538447e-10	-3.31906250234e-07
2.99880389885e-10	-3.17697869817e-07
3.040453953e-10	-3.04123773526e-07
3.08210400715e-10	-2.91169556479e-07
3.1237540613e-10	-2.78781184165e-07
3.16540411545e-10	-2.66957261894e-07
3.2070541696e-10	-2.55632763568e-07
3.24870422376e-10	-2.44806890273e-07
3.29035427791e-10	-2.34454015424e-07
3.33200433206e-10	-2.24549741953e-07
3.37365438621e-10	-2.15085421959e-07
3.41530444036e-10	-2.06030288344e-07
3.45695449451e-10	-1.97375733743e-07
3.49860454866e-10	-1.89095105615e-07
3.54025460281e-10	-1.81174998434e-07
3.58190465696e-10	-1.73601360204e-07
3.62355471111e-10	-1.66349032049e-07
3.66520476526e-10	-1.59420997292e-07
3.70685481941e-10	-1.52785876256e-07
3.74850487356e-10	-1.46438625198e-07
3.79015492771e-10	-1.40373605906e-07
3.83180498187e-10	-1.34560133438e-07
3.87345503602e-10	-1.29003113886e-07
3.91510509017e-10	-1.2368510495e-07
3.95675514432e-10	-1.18592354367e-07
3.99840519847e-10	-1.13721844996e-07
4.04005525262e-10	-1.09057598771e-07
4.08170530677e-10	-1.04596599673e-07
4.12335536092e-10	-1.0032226145e-07
4.16500541507e-10	-9.62334595553e-08
4.20665546922e-10	-9.23188482327e-08
4.24830552337e-10	-8.85690446401e-08
4.28995557752e-10	-8.49824969423e-08
4.33160563167e-10	-8.15439971311e-08
4.37325568582e-10	-7.82545709829e-08
4.41490573998e-10	-7.51037506699e-08
4.45655579413e-10	-7.20846093441e-08
4.49820584828e-10	-6.91959904653e-08
4.53985590243e-10	-6.64267048589e-08
4.58150595658e-10	-6.37759731623e-08
4.62315601073e-10	-6.12365540359e-08
4.66480606488e-10	-5.88033123028e-08
4.70645611903e-10	-5.64719245463e-08
4.74810617318e-10	-5.42373544549e-08
4.78975622733e-10	-5.20991802061e-08
4.83140628148e-10	-5.00471163747e-08
4.87305633563e-10	-4.80823128327e-08
4.91470638978e-10	-4.62001318452e-08
4.95635644393e-10	-4.43935936345e-08
4.99800649809e-10	-4.26647767671e-08
5.03965655224e-10	-4.10056752026e-08
5.08130660639e-10	-3.94155411643e-08
5.12295666054e-10	-3.78923182276e-08
5.16460671469e-10	-3.64300344474e-08
5.20625676884e-10	-3.50298185875e-08
5.24790682299e-10	-3.36858146377e-08
5.28955687714e-10	-3.23966712207e-08
5.33120693129e-10	-3.11610540288e-08
5.37285698544e-10	-2.99756928307e-08
5.41450703959e-10	-2.88392335429e-08
5.45615709374e-10	-2.77475611793e-08
5.49780714789e-10	-2.67021380979e-08
5.53945720204e-10	-2.56982162772e-08
5.5811072562e-10	-2.47343877047e-08
5.62275731035e-10	-2.38103911032e-08
5.6644073645e-10	-2.29229610016e-08
5.70605741865e-10	-2.20719099248e-08
5.7477074728e-10	-2.12552763723e-08
5.78935752695e-10	-2.04705397633e-08
5.8310075811e-10	-1.97175072797e-08
5.87265763525e-10	-1.89943743789e-08
5.9143076894e-10	-1.83003739246e-08
5.95595774355e-10	-1.76338832009e-08
