% time-domain current integration by openEMS v0.0.36-67-g0bc6c61 @Mon Apr  7 09:52:59 2025
% start-coordinates: (-1.51051e-06,-1e-06,0.00028933) m -> [92,15,22]
% stop-coordinates: (-1.51051e-06,9.54536e-06,0.00029218) m -> [92,22,25]
% t/s	current
1.24464947386e-15	0
4.16584178902e-12	-4.639985271e-11
8.33043892856e-12	-4.61722188261e-11
1.24950360681e-11	1.05944125001e-11
1.66596332076e-11	2.17123652391e-10
2.08242303472e-11	7.67248320432e-10
2.49888274867e-11	1.79641235221e-09
2.91534246263e-11	3.33216898518e-09
3.33180217658e-11	5.08103648045e-09
3.74826189054e-11	6.06641759049e-09
4.16472160449e-11	4.46135262067e-09
4.58118131844e-11	-2.22016249829e-09
4.9976410324e-11	-1.63115743135e-08
5.41410074635e-11	-3.84172551549e-08
5.83056046031e-11	-6.5527551385e-08
6.24702017426e-11	-8.97771954556e-08
6.66347988822e-11	-9.90658008959e-08
7.07993960217e-11	-8.04148143629e-08
7.49639931612e-11	-2.57098324852e-08
7.91285903008e-11	6.2135612211e-08
8.32931874403e-11	1.65789103335e-07
8.74577845799e-11	2.55729844412e-07
9.16223817194e-11	2.98909327512e-07
9.5786978859e-11	2.71418429065e-07
9.99515759985e-11	1.70001527522e-07
1.04116173138e-10	1.67670393125e-08
1.08280770278e-10	-1.46124151001e-07
1.12445367417e-10	-2.70541164582e-07
1.16609964557e-10	-3.19713905128e-07
1.20774561696e-10	-2.81506970623e-07
1.24939158836e-10	-1.72039847257e-07
1.29103755975e-10	-2.84610575108e-08
1.33268353115e-10	1.05550142848e-07
1.37432950254e-10	1.95159486793e-07
1.41597547394e-10	2.24541125249e-07
1.45762144533e-10	1.98719831701e-07
1.49926741673e-10	1.37824528679e-07
1.54091338813e-10	6.7350853783e-08
1.58255935952e-10	8.84790907207e-09
1.62420533092e-10	-2.57527528191e-08
1.66585130231e-10	-3.51020332801e-08
1.70749727371e-10	-2.56593182257e-08
1.7491432451e-10	-7.23038162675e-09
1.7907892165e-10	1.11576978767e-08
1.83243518789e-10	2.37692798777e-08
1.87408115929e-10	2.87662338394e-08
1.91572713068e-10	2.73586220345e-08
1.95737310208e-10	2.22917435622e-08
1.99901907348e-10	1.64353686216e-08
2.04066504487e-10	1.18016973971e-08
2.08231101627e-10	9.23428711275e-09
2.12395698766e-10	8.61797300189e-09
2.16560295906e-10	9.25112253469e-09
2.20724893045e-10	1.03025250553e-08
2.24889490185e-10	1.11393676505e-08
2.29054087324e-10	1.14449196786e-08
2.33218684464e-10	1.11983888829e-08
2.37383281603e-10	1.05702726572e-08
2.41547878743e-10	9.79235892373e-09
2.45712475882e-10	9.05908059678e-09
2.49877073022e-10	8.48002734699e-09
2.54041670162e-10	8.07727129626e-09
2.58206267301e-10	7.81137909911e-09
2.62370864441e-10	7.6182340436e-09
2.6653546158e-10	7.43843653339e-09
2.7070005872e-10	7.23506055067e-09
2.74864655859e-10	6.99605173793e-09
2.79029252999e-10	6.72885569486e-09
2.83193850138e-10	6.45002273814e-09
2.87358447278e-10	6.17650108836e-09
2.91523044417e-10	5.91989168797e-09
2.95687641557e-10	5.68480906793e-09
2.99852238697e-10	5.46958389691e-09
3.04016835836e-10	5.26956256408e-09
3.08181432976e-10	5.07952702122e-09
3.12346030115e-10	4.89520068925e-09
3.16510627255e-10	4.71453276418e-09
3.20675224394e-10	4.53740245376e-09
3.24839821534e-10	4.36457403552e-09
3.29004418673e-10	4.19728296563e-09
3.33169015813e-10	4.03622957279e-09
3.37333612952e-10	3.88207777036e-09
3.41498210092e-10	3.73460551373e-09
3.45662807231e-10	3.59329077604e-09
3.49827404371e-10	3.45770367893e-09
3.53992001511e-10	3.32710925477e-09
3.5815659865e-10	3.20121440467e-09
3.6232119579e-10	3.07964298507e-09
3.66485792929e-10	2.96247137932e-09
3.70650390069e-10	2.84951506835e-09
3.74814987208e-10	2.74072475825e-09
3.78979584348e-10	2.63604538198e-09
3.83144181487e-10	2.53526866167e-09
3.87308778627e-10	2.43835485136e-09
3.91473375766e-10	2.34505348473e-09
3.95637972906e-10	2.25532015286e-09
3.99802570046e-10	2.16878914827e-09
4.03967167185e-10	2.08556727443e-09
4.08131764325e-10	2.00536520722e-09
4.12296361464e-10	1.92810478694e-09
4.16460958604e-10	1.85372550643e-09
4.20625555743e-10	1.78208736656e-09
4.24790152883e-10	1.71316194564e-09
4.28954750022e-10	1.64679414549e-09
4.33119347162e-10	1.58289703567e-09
4.37283944301e-10	1.52139889575e-09
4.41448541441e-10	1.46216516672e-09
4.45613138581e-10	1.40509337498e-09
4.4977773572e-10	1.35016764435e-09
4.5394233286e-10	1.2973430108e-09
4.58106929999e-10	1.24636889698e-09
4.62271527139e-10	1.19736620618e-09
4.66436124278e-10	1.15011988822e-09
4.70600721418e-10	1.10466857883e-09
4.74765318557e-10	1.06089503848e-09
4.78929915697e-10	1.01875297087e-09
4.83094512836e-10	9.78136682761e-10
4.87259109976e-10	9.39053279581e-10
4.91423707115e-10	9.01470786907e-10
4.95588304255e-10	8.65227334224e-10
4.99752901395e-10	8.30365998183e-10
5.03917498534e-10	7.96769483724e-10
5.08082095674e-10	7.6441342145e-10
5.12246692813e-10	7.33275773435e-10
5.16411289953e-10	7.03279379177e-10
5.20575887092e-10	6.74429012637e-10
5.24740484232e-10	6.46604048082e-10
5.28905081371e-10	6.19876316943e-10
5.33069678511e-10	5.94077398386e-10
5.3723427565e-10	5.69234326342e-10
5.4139887279e-10	5.45364309268e-10
5.4556346993e-10	5.22355048105e-10
5.49728067069e-10	5.00204822007e-10
5.53892664209e-10	4.78863393383e-10
5.58057261348e-10	4.58324350694e-10
5.62221858488e-10	4.38547309578e-10
5.66386455627e-10	4.19510953753e-10
5.70551052767e-10	4.01117361548e-10
5.74715649906e-10	3.83481468802e-10
5.78880247046e-10	3.66484342873e-10
5.83044844185e-10	3.5012059918e-10
5.87209441325e-10	3.34354127718e-10
5.91374038465e-10	3.19180598618e-10
5.95538635604e-10	3.04554242936e-10
