% time-domain current integration by openEMS v0.0.36-67-g0bc6c61 @Tue Apr  8 16:00:37 2025
% start-coordinates: (-1.50558e-06,-1e-06,0.00028933) m -> [132,16,22]
% stop-coordinates: (-1.50558e-06,9.5221e-06,0.00029218) m -> [132,23,25]
% t/s	current
1.24298130269e-15	0
4.16771630793e-12	-6.35466887444e-11
8.33418963457e-12	-5.85607048964e-11
1.25006629612e-11	1.21230117958e-11
1.66671362878e-11	3.81843223707e-10
2.08336096145e-11	1.17205167793e-09
2.50000829411e-11	2.5938935444e-09
2.91665562677e-11	4.65999860921e-09
3.33330295944e-11	6.78874201299e-09
3.7499502921e-11	7.53852713586e-09
4.16659762476e-11	4.36217328925e-09
4.58324495742e-11	-5.93197624355e-09
4.99989229009e-11	-2.57693724137e-08
5.41653962275e-11	-5.46015250791e-08
5.83318695541e-11	-8.66600444738e-08
6.24983428808e-11	-1.10205476744e-07
6.66648162074e-11	-1.09880630816e-07
7.0831289534e-11	-7.27052622551e-08
7.49977628607e-11	3.97357524662e-09
7.91642361873e-11	1.06369668629e-07
8.33307095139e-11	2.04531303893e-07
8.74971828406e-11	2.61369365262e-07
9.16636561672e-11	2.48265166647e-07
9.58301294938e-11	1.6046259077e-07
9.99966028205e-11	2.36404957832e-08
1.04163076147e-10	-1.13578010996e-07
1.08329549474e-10	-1.99307450544e-07
1.124960228e-10	-2.01271262767e-07
1.16662496127e-10	-1.21220310234e-07
1.20828969454e-10	6.66504584856e-09
1.2499544278e-10	1.32462304236e-07
1.29161916107e-10	2.13275768601e-07
1.33328389434e-10	2.30364605613e-07
1.3749486276e-10	1.92891562278e-07
1.41661336087e-10	1.28377848796e-07
1.45827809413e-10	6.68247537305e-08
1.4999428274e-10	2.74657327992e-08
1.54160756067e-10	1.39311291392e-08
1.58327229393e-10	1.80107644354e-08
1.6249370272e-10	2.76920637532e-08
1.66660176047e-10	3.42018999788e-08
1.70826649373e-10	3.48278028639e-08
1.749931227e-10	3.15666639494e-08
1.79159596026e-10	2.78536429477e-08
1.83326069353e-10	2.5866549791e-08
1.8749254268e-10	2.57018548666e-08
1.91659016006e-10	2.61516959199e-08
1.95825489333e-10	2.59823664805e-08
1.9999196266e-10	2.48092000277e-08
2.04158435986e-10	2.3014109729e-08
2.08324909313e-10	2.12881090533e-08
2.1249138264e-10	2.00749141754e-08
2.16657855966e-10	1.9360868464e-08
2.20824329293e-10	1.8866037621e-08
2.24990802619e-10	1.82846839891e-08
2.29157275946e-10	1.74982286438e-08
2.33323749273e-10	1.65810654096e-08
2.37490222599e-10	1.56818327213e-08
2.41656695926e-10	1.49101140323e-08
2.45823169253e-10	1.42791352076e-08
2.49989642579e-10	1.37267610612e-08
2.54156115906e-10	1.31828006289e-08
2.58322589232e-10	1.26135057954e-08
2.62489062559e-10	1.2027440377e-08
2.66655535886e-10	1.14588818434e-08
2.70822009212e-10	1.09325739572e-08
2.74988482539e-10	1.04532507095e-08
2.79154955866e-10	1.00101811285e-08
2.83321429192e-10	9.5839665093e-09
2.87487902519e-10	9.16656350824e-09
2.91654375845e-10	8.75759376129e-09
2.95820849172e-10	8.36327984644e-09
2.99987322499e-10	7.99031596443e-09
3.04153795825e-10	7.63890195543e-09
3.08320269152e-10	7.30670990379e-09
3.12486742479e-10	6.9893895116e-09
3.16653215805e-10	6.68354482869e-09
3.20819689132e-10	6.38932062813e-09
3.24986162459e-10	6.10687589386e-09
3.29152635785e-10	5.83740877858e-09
3.33319109112e-10	5.5811977262e-09
3.37485582438e-10	5.33702593231e-09
3.41652055765e-10	5.10394837505e-09
3.45818529092e-10	4.88034235246e-09
3.49985002418e-10	4.66615901473e-09
3.54151475745e-10	4.46125758558e-09
3.58317949072e-10	4.26524238151e-09
3.62484422398e-10	4.07812317249e-09
3.66650895725e-10	3.89943366486e-09
3.70817369051e-10	3.72858766085e-09
3.74983842378e-10	3.5652005792e-09
3.79150315705e-10	3.40864692028e-09
3.83316789031e-10	3.25896065689e-09
3.87483262358e-10	3.11577141865e-09
3.91649735685e-10	2.97882762901e-09
3.95816209011e-10	2.84804735351e-09
3.99982682338e-10	2.7227433641e-09
4.04149155665e-10	2.60298826937e-09
4.08315628991e-10	2.48838816219e-09
4.12482102318e-10	2.37871433661e-09
4.16648575644e-10	2.27381646845e-09
4.20815048971e-10	2.17340678788e-09
4.24981522298e-10	2.07737915758e-09
4.29147995624e-10	1.98546024066e-09
4.33314468951e-10	1.89750970492e-09
4.37480942278e-10	1.81332571181e-09
4.41647415604e-10	1.73270242598e-09
4.45813888931e-10	1.65565039456e-09
4.49980362257e-10	1.58188995236e-09
4.54146835584e-10	1.51115941982e-09
4.58313308911e-10	1.44358114351e-09
4.62479782237e-10	1.37879296869e-09
4.66646255564e-10	1.31682842408e-09
4.70812728891e-10	1.25750576618e-09
4.74979202217e-10	1.20064591602e-09
4.79145675544e-10	1.14628029291e-09
4.83312148871e-10	1.09416420369e-09
4.87478622197e-10	1.04420971869e-09
4.91645095524e-10	9.96435933764e-10
4.9581156885e-10	9.50665990374e-10
4.99978042177e-10	9.06850983196e-10
5.04144515504e-10	8.64839755366e-10
5.0831098883e-10	8.24626256168e-10
5.12477462157e-10	7.86096909788e-10
5.16643935484e-10	7.49149908774e-10
5.2081040881e-10	7.13776093786e-10
5.24976882137e-10	6.7989380792e-10
5.29143355463e-10	6.4738314709e-10
5.3330982879e-10	6.162506061e-10
5.37476302117e-10	5.86446391448e-10
5.41642775443e-10	5.57833501613e-10
5.4580924877e-10	5.3046284032e-10
5.49975722097e-10	5.04155828196e-10
5.54142195423e-10	4.78975525908e-10
5.5830866875e-10	4.54814852446e-10
5.62475142077e-10	4.31680108326e-10
5.66641615403e-10	4.09434541826e-10
5.7080808873e-10	3.88175019905e-10
5.74974562056e-10	3.67783747901e-10
5.79141035383e-10	3.48168049946e-10
