% time-domain voltage integration by openEMS v0.0.36-67-g0bc6c61 @Thu Apr 10 09:30:33 2025
% start-coordinates: (-4.53607e-06,5.03217e-06,0.00029118) m -> [96,19,24]
% stop-coordinates: (4.53607e-06,5.03217e-06,0.00029118) m -> [102,19,24]
% t/s	voltage
0	-0
4.16418574564e-12	-1.44720749273e-09
8.32837149128e-12	-1.82585288555e-09
1.24925572369e-11	1.67849560639e-10
1.66567429826e-11	7.40268235599e-09
2.08209287282e-11	2.48806824032e-08
2.49851144738e-11	5.86591042406e-08
2.91493002195e-11	1.10701682488e-07
3.33134859651e-11	1.72035276691e-07
3.74776717108e-11	2.12816146927e-07
4.16418574564e-11	1.75016044324e-07
4.5806043202e-11	-2.28234069422e-08
4.99702289477e-11	-4.60949131309e-07
5.41344146933e-11	-1.1712401573e-06
5.8298600439e-11	-2.07915311989e-06
6.24627861846e-11	-2.96364197538e-06
6.66269719302e-11	-3.47090264086e-06
7.07911576759e-11	-3.20588702607e-06
7.49553434215e-11	-1.89010006579e-06
7.91195291672e-11	4.70919083284e-07
8.32837149128e-11	3.49455825699e-06
8.74479006584e-11	6.47328579362e-06
9.16120864041e-11	8.58218902522e-06
9.57762721497e-11	9.17180113902e-06
9.99404578954e-11	8.02090244179e-06
1.04104643641e-10	5.43094506611e-06
1.08268829387e-10	2.11480579537e-06
1.12433015132e-10	-1.06901716457e-06
1.16597200878e-10	-3.41494890677e-06
1.20761386624e-10	-4.5746384103e-06
1.24925572369e-10	-4.59770529915e-06
1.29089758115e-10	-3.82292734002e-06
1.3325394386e-10	-2.69558751143e-06
1.37418129606e-10	-1.60014721473e-06
1.41582315352e-10	-7.66788581075e-07
1.45746501097e-10	-2.62277327634e-07
1.49910686843e-10	-3.81090110579e-08
1.54074872589e-10	3.85614029597e-09
1.58239058334e-10	-4.0902387255e-08
1.6240324408e-10	-1.0605048395e-07
1.66567429826e-10	-1.58175747167e-07
1.70731615571e-10	-1.88032894588e-07
1.74895801317e-10	-1.98930496187e-07
1.79059987063e-10	-1.97917040895e-07
1.83224172808e-10	-1.91116607193e-07
1.87388358554e-10	-1.82364624124e-07
1.91552544299e-10	-1.73582404658e-07
1.95716730045e-10	-1.65684661518e-07
1.99880915791e-10	-1.58278618087e-07
2.04045101536e-10	-1.51213294435e-07
2.08209287282e-10	-1.44402051878e-07
2.12373473028e-10	-1.37968727075e-07
2.16537658773e-10	-1.31807906902e-07
2.20701844519e-10	-1.25908147575e-07
2.24866030265e-10	-1.20310532009e-07
2.2903021601e-10	-1.14951067234e-07
2.33194401756e-10	-1.09832774653e-07
2.37358587501e-10	-1.04959069783e-07
2.41522773247e-10	-1.00299165709e-07
2.45686958993e-10	-9.58554514513e-08
2.49851144738e-10	-9.16140536905e-08
2.54015330484e-10	-8.75615164264e-08
2.5817951623e-10	-8.36963189726e-08
2.62343701975e-10	-8.00083203856e-08
2.66507887721e-10	-7.6482415054e-08
2.70672073467e-10	-7.31188050246e-08
2.74836259212e-10	-6.99066298598e-08
2.79000444958e-10	-6.68386134356e-08
2.83164630704e-10	-6.39110144668e-08
2.87328816449e-10	-6.11137038198e-08
2.91493002195e-10	-5.84426781969e-08
2.9565718794e-10	-5.58905518533e-08
2.99821373686e-10	-5.34566606814e-08
3.03985559432e-10	-5.11277611914e-08
3.08149745177e-10	-4.89047786295e-08
3.12313930923e-10	-4.67818045413e-08
3.16478116669e-10	-4.47529039521e-08
3.20642302414e-10	-4.28152445858e-08
3.2480648816e-10	-4.09623195363e-08
3.28970673906e-10	-3.91940095795e-08
3.33134859651e-10	-3.75039985664e-08
3.37299045397e-10	-3.58874114176e-08
3.41463231142e-10	-3.43458635629e-08
3.45627416888e-10	-3.28682699044e-08
3.49791602634e-10	-3.14593449902e-08
3.53955788379e-10	-3.01118071658e-08
3.58119974125e-10	-2.88244965466e-08
3.62284159871e-10	-2.75937202532e-08
3.66448345616e-10	-2.64158445465e-08
3.70612531362e-10	-2.5290925687e-08
3.74776717108e-10	-2.42153611954e-08
3.78940902853e-10	-2.31870223161e-08
3.83105088599e-10	-2.22038211636e-08
3.87269274345e-10	-2.12639419059e-08
3.9143346009e-10	-2.03650852987e-08
3.95597645836e-10	-1.95059258259e-08
3.99761831581e-10	-1.86831073251e-08
4.03926017327e-10	-1.78970761544e-08
4.08090203073e-10	-1.71441898178e-08
4.12254388818e-10	-1.6425529617e-08
4.16418574564e-10	-1.57380164595e-08
4.2058276031e-10	-1.5079644422e-08
4.24746946055e-10	-1.44498932542e-08
4.28911131801e-10	-1.38482627032e-08
4.33075317547e-10	-1.32713399575e-08
4.37239503292e-10	-1.27205846273e-08
4.41403689038e-10	-1.21930422703e-08
4.45567874783e-10	-1.1687932247e-08
4.49732060529e-10	-1.12050824036e-08
4.53896246275e-10	-1.07432850671e-08
4.5806043202e-10	-1.03004153401e-08
4.62224617766e-10	-9.87693583865e-09
4.66388803512e-10	-9.47152202502e-09
4.70552989257e-10	-9.08441334657e-09
4.74717175003e-10	-8.71213319542e-09
4.78881360749e-10	-8.35686191081e-09
4.83045546494e-10	-8.01666956429e-09
4.8720973224e-10	-7.69088298602e-09
4.91373917985e-10	-7.37911011461e-09
4.95538103731e-10	-7.08052239062e-09
4.99702289477e-10	-6.79409491167e-09
5.03866475222e-10	-6.52041715066e-09
5.08030660968e-10	-6.25771814922e-09
5.12194846714e-10	-6.00705260534e-09
5.16359032459e-10	-5.76632433469e-09
5.20523218205e-10	-5.5359698492e-09
5.24687403951e-10	-5.31517201086e-09
5.28851589696e-10	-5.10290085187e-09
5.33015775442e-10	-4.90057003311e-09
5.37179961188e-10	-4.70666987329e-09
5.41344146933e-10	-4.52096661496e-09
5.45508332679e-10	-4.34261192284e-09
5.49672518424e-10	-4.17210686832e-09
5.5383670417e-10	-4.00822379454e-09
5.58000889916e-10	-3.85156084803e-09
5.62165075661e-10	-3.70143897477e-09
