% time-domain current integration by openEMS v0.0.36-67-g0bc6c61 @Thu Apr 10 09:30:33 2025
% start-coordinates: (-1.51202e-06,-1e-06,0.00028933) m -> [98,15,22]
% stop-coordinates: (-1.51202e-06,9.5563e-06,0.00029218) m -> [98,22,25]
% t/s	current
1.24527085695e-15	0
4.1654310165e-12	-1.77740044904e-11
8.32961676214e-12	-2.152669102e-12
1.24938025078e-11	1.45179094441e-11
1.66579882534e-11	8.06504307782e-11
2.08221739991e-11	2.38858682833e-10
2.49863597447e-11	5.00009644799e-10
2.91505454903e-11	8.73009442515e-10
3.3314731236e-11	1.26612165197e-09
3.74789169816e-11	1.4416277061e-09
4.16431027273e-11	1.02114894318e-09
4.58072884729e-11	-4.67252236902e-10
4.99714742185e-11	-3.4077056732e-09
5.41356599642e-11	-7.83955833583e-09
5.82998457098e-11	-1.32435316047e-08
6.24640314555e-11	-1.84887785082e-08
6.66282172011e-11	-2.20738964885e-08
7.07924029467e-11	-2.26211280818e-08
7.49565886924e-11	-1.942795258e-08
7.9120774438e-11	-1.27935102512e-08
8.32849601837e-11	-3.89428755909e-09
8.74491459293e-11	5.75189273988e-09
9.16133316749e-11	1.49464653987e-08
9.57775174206e-11	2.32143015921e-08
9.99417031662e-11	3.07178673609e-08
1.04105888912e-10	3.77591966583e-08
1.08270074657e-10	4.42343726093e-08
1.12434260403e-10	4.94199632328e-08
1.16598446149e-10	5.22388603486e-08
1.20762631894e-10	5.18353431289e-08
1.2492681764e-10	4.80903992184e-08
1.29091003386e-10	4.17735321889e-08
1.33255189131e-10	3.42670816167e-08
1.37419374877e-10	2.70446083306e-08
1.41583560623e-10	2.11887023482e-08
1.45747746368e-10	1.71544822791e-08
1.49911932114e-10	1.48182452975e-08
1.5407611786e-10	1.37134916756e-08
1.58240303605e-10	1.32955522147e-08
1.62404489351e-10	1.312739073e-08
1.66568675096e-10	1.29495765222e-08
1.70732860842e-10	1.26612142992e-08
1.74897046588e-10	1.22605046116e-08
1.79061232333e-10	1.17868541594e-08
1.83225418079e-10	1.12829567911e-08
1.87389603825e-10	1.07788498127e-08
1.9155378957e-10	1.02892858678e-08
1.95717975316e-10	9.8181986985e-09
1.99882161062e-10	9.37649335953e-09
2.04046346807e-10	8.95510776644e-09
2.08210532553e-10	8.54885939816e-09
2.12374718298e-10	8.16509260204e-09
2.16538904044e-10	7.79767361792e-09
2.2070308979e-10	7.4458483823e-09
2.24867275535e-10	7.11187553293e-09
2.29031461281e-10	6.7922725222e-09
2.33195647027e-10	6.48698605943e-09
2.37359832772e-10	6.19630080578e-09
2.41524018518e-10	5.91833826391e-09
2.45688204264e-10	5.65331648161e-09
2.49852390009e-10	5.40033306962e-09
2.54016575755e-10	5.1586397376e-09
2.58180761501e-10	4.92806373487e-09
2.62344947246e-10	4.7080663812e-09
2.66509132992e-10	4.4978039071e-09
2.70673318737e-10	4.29715463213e-09
2.74837504483e-10	4.10557765562e-09
2.79001690229e-10	3.92259291715e-09
2.83165875974e-10	3.74798991842e-09
2.8733006172e-10	3.58114449206e-09
2.91494247466e-10	3.42179928836e-09
2.95658433211e-10	3.26964166852e-09
2.99822618957e-10	3.12441916783e-09
3.03986804703e-10	2.98557267797e-09
3.08150990448e-10	2.85293433322e-09
3.12315176194e-10	2.72630540366e-09
3.16479361939e-10	2.60530241825e-09
3.20643547685e-10	2.48971843142e-09
3.24807733431e-10	2.37923858393e-09
3.28971919176e-10	2.27373631034e-09
3.33136104922e-10	2.17291384885e-09
3.37300290668e-10	2.07653516604e-09
3.41464476413e-10	1.98452876354e-09
3.45628662159e-10	1.89646742754e-09
3.49792847905e-10	1.81240333852e-09
3.5395703365e-10	1.73202019393e-09
3.58121219396e-10	1.6552453852e-09
3.62285405142e-10	1.58180279985e-09
3.66449590887e-10	1.5115709795e-09
3.70613776633e-10	1.44447631634e-09
3.74777962378e-10	1.38032540953e-09
3.78942148124e-10	1.31896626954e-09
3.8310633387e-10	1.26033461445e-09
3.87270519615e-10	1.20428178541e-09
3.91434705361e-10	1.15064713313e-09
3.95598891107e-10	1.09940023751e-09
3.99763076852e-10	1.05031905395e-09
4.03927262598e-10	1.00343999776e-09
4.08091448344e-10	9.58568557863e-10
4.12255634089e-10	9.15692299763e-10
4.16419819835e-10	8.74647299032e-10
4.2058400558e-10	8.35393421106e-10
4.24748191326e-10	7.97834520672e-10
4.28912377072e-10	7.61926466364e-10
4.33076562817e-10	7.27541138446e-10
4.37240748563e-10	6.9465361241e-10
4.41404934309e-10	6.63205435014e-10
4.45569120054e-10	6.33086194579e-10
4.497333058e-10	6.04277794469e-10
4.53897491546e-10	5.76738490299e-10
4.58061677291e-10	5.50312295733e-10
4.62225863037e-10	5.25059995482e-10
4.66390048783e-10	5.00873620357e-10
4.70554234528e-10	4.77745176752e-10
4.74718420274e-10	4.55592952253e-10
4.78882606019e-10	4.34387997794e-10
4.83046791765e-10	4.14096423818e-10
4.87210977511e-10	3.94649951607e-10
4.91375163256e-10	3.76056796814e-10
4.95539349002e-10	3.58239243825e-10
4.99703534748e-10	3.41178113539e-10
5.03867720493e-10	3.24832327703e-10
5.08031906239e-10	3.09185704817e-10
5.12196091985e-10	2.94204688389e-10
5.1636027773e-10	2.79863632269e-10
5.20524463476e-10	2.66102195834e-10
5.24688649221e-10	2.52955129065e-10
5.28852834967e-10	2.40305914057e-10
5.33017020713e-10	2.2822604917e-10
5.37181206458e-10	2.16653375795e-10
5.41345392204e-10	2.05558028932e-10
5.4550957795e-10	1.94932084363e-10
5.49673763695e-10	1.84762191657e-10
5.53837949441e-10	1.74992104141e-10
5.58002135187e-10	1.65647093264e-10
5.62166320932e-10	1.56678087171e-10
