% time-domain current integration by openEMS v0.0.36-67-g0bc6c61 @Tue May 13 09:14:57 2025
% start-coordinates: (-7.55033e-07,-1e-06,0.00028933) m -> [90,15,22]
% stop-coordinates: (-7.55033e-07,9.54184e-06,0.00029218) m -> [90,22,25]
% t/s	current
1.24445864045e-15	0
4.16769198687e-12	-6.38959093968e-11
8.3341395151e-12	-7.27720106397e-11
1.25005870433e-11	3.29440814906e-11
1.66670345716e-11	3.4158731399e-10
2.08334820998e-11	1.02073061115e-09
2.4999929628e-11	2.23846075009e-09
2.91663771563e-11	3.9952738895e-09
3.33328246845e-11	5.80791414961e-09
3.74992722127e-11	6.41571240578e-09
4.1665719741e-11	3.65157948323e-09
4.58321672692e-11	-5.12541697972e-09
4.99986147974e-11	-2.18391171813e-08
5.41650623257e-11	-4.58514151092e-08
5.83315098539e-11	-7.22016508803e-08
6.24979573821e-11	-9.12303121936e-08
6.66644049104e-11	-9.0798181418e-08
7.08308524386e-11	-6.12950259438e-08
7.49972999668e-11	-1.81445791725e-09
7.9163747495e-11	7.57403029183e-08
8.33301950233e-11	1.47973238995e-07
8.74966425515e-11	1.87921628481e-07
9.16630900797e-11	1.77057117412e-07
9.5829537608e-11	1.15571282322e-07
9.99959851362e-11	2.49223877091e-08
1.04162432664e-10	-5.99503877652e-08
1.08328880193e-10	-1.05674345718e-07
1.12495327721e-10	-9.52930037101e-08
1.16661775249e-10	-3.52437403706e-08
1.20828222777e-10	4.89270313153e-08
1.24994670306e-10	1.25296935494e-07
1.29161117834e-10	1.69669817751e-07
1.33327565362e-10	1.74035804434e-07
1.3749401289e-10	1.46328432038e-07
1.41660460419e-10	1.03360093817e-07
1.45826907947e-10	6.18540809683e-08
1.49993355475e-10	3.21725970309e-08
1.54159803003e-10	1.67572338228e-08
1.58326250531e-10	1.23844685618e-08
1.6249269806e-10	1.38189717447e-08
1.66659145588e-10	1.66911373611e-08
1.70825593116e-10	1.86725124252e-08
1.74992040644e-10	1.92189038017e-08
1.79158488173e-10	1.87158626375e-08
1.83324935701e-10	1.77263110857e-08
1.87491383229e-10	1.66262932311e-08
1.91657830757e-10	1.55646180389e-08
1.95824278286e-10	1.45564067466e-08
1.99990725814e-10	1.36173952114e-08
2.04157173342e-10	1.27492505442e-08
2.0832362087e-10	1.19560761291e-08
2.12490068398e-10	1.12133013985e-08
2.16656515927e-10	1.05149897678e-08
2.20822963455e-10	9.85470105519e-09
2.24989410983e-10	9.23588938662e-09
2.29155858511e-10	8.65733440492e-09
2.3332230604e-10	8.11706613035e-09
2.37488753568e-10	7.61176721653e-09
2.41655201096e-10	7.13840808686e-09
2.45821648624e-10	6.69422384192e-09
2.49988096153e-10	6.27779428441e-09
2.54154543681e-10	5.88783111155e-09
2.58320991209e-10	5.52266765652e-09
2.62487438737e-10	5.18055065513e-09
2.66653886265e-10	4.85983031595e-09
2.70820333794e-10	4.55931381538e-09
2.74986781322e-10	4.27750901366e-09
2.7915322885e-10	4.01321109678e-09
2.83319676378e-10	3.76566022808e-09
2.87486123907e-10	3.53355078531e-09
2.91652571435e-10	3.31569238732e-09
2.95819018963e-10	3.11145531562e-09
2.99985466491e-10	2.91984081358e-09
3.0415191402e-10	2.74007527779e-09
3.08318361548e-10	2.57152299454e-09
3.12484809076e-10	2.41333331097e-09
3.16651256604e-10	2.26484098143e-09
3.20817704133e-10	2.12546491518e-09
3.24984151661e-10	1.99457517169e-09
3.29150599189e-10	1.87179005628e-09
3.33317046717e-10	1.75642411726e-09
3.37483494245e-10	1.64815805448e-09
3.41649941774e-10	1.54647383788e-09
3.45816389302e-10	1.45090706116e-09
3.4998283683e-10	1.36111566462e-09
3.54149284358e-10	1.27676069717e-09
3.58315731887e-10	1.19748710947e-09
3.62482179415e-10	1.12300480026e-09
3.66648626943e-10	1.05295372421e-09
3.70815074471e-10	9.87075199355e-10
3.74981522e-10	9.25198695434e-10
3.79147969528e-10	8.66950122802e-10
3.83314417056e-10	8.1219164727e-10
3.87480864584e-10	7.60659868426e-10
3.91647312112e-10	7.12122194546e-10
3.95813759641e-10	6.66533050975e-10
3.99980207169e-10	6.23578799708e-10
4.04146654697e-10	5.83168791035e-10
4.08313102225e-10	5.45088918447e-10
4.12479549754e-10	5.09264574955e-10
4.16645997282e-10	4.75502748287e-10
4.2081244481e-10	4.43694470054e-10
4.24978892338e-10	4.13769740693e-10
4.29145339867e-10	3.8550682091e-10
4.33311787395e-10	3.58926666166e-10
4.37478234923e-10	3.33822219867e-10
