% time-domain voltage integration by openEMS v0.0.36-67-g0bc6c61 @Tue May 13 09:14:57 2025
% start-coordinates: (-2.64261e-05,5.02391e-06,0.00029118) m -> [73,19,24]
% stop-coordinates: (2.64261e-05,5.02391e-06,0.00029118) m -> [108,19,24]
% t/s	voltage
0	-0
4.16644752823e-12	-4.91948147496e-09
8.33289505646e-12	-5.01237010231e-09
1.24993425847e-11	4.28262796753e-10
1.66657901129e-11	2.36298660083e-08
2.08322376412e-11	8.23663750538e-08
2.49986851694e-11	1.96561776633e-07
2.91651326976e-11	3.7520472862e-07
3.33315802259e-11	5.92758906848e-07
3.74980277541e-11	7.55124576202e-07
4.16644752823e-11	6.73857590172e-07
4.58309228106e-11	7.26063626999e-08
4.99973703388e-11	-1.34228482196e-06
5.4163817867e-11	-3.73554279065e-06
5.83302653952e-11	-6.94985422456e-06
6.24967129235e-11	-1.0345767123e-05
6.66631604517e-11	-1.27886415555e-05
7.08296079799e-11	-1.28745341499e-05
7.49960555082e-11	-9.39682084322e-06
7.91625030364e-11	-1.92126532816e-06
8.33289505646e-11	8.77172035985e-06
8.74953980929e-11	2.06290242204e-05
9.16618456211e-11	3.07765121192e-05
9.58282931493e-11	3.63863169923e-05
9.99947406776e-11	3.56504454544e-05
1.04161188206e-10	2.84654210532e-05
1.08327635734e-10	1.65269890147e-05
1.12494083262e-10	2.77924975833e-06
1.1666053079e-10	-9.56212055314e-06
1.20826978319e-10	-1.80190864967e-05
1.24993425847e-10	-2.1508556074e-05
1.29159873375e-10	-2.04409764137e-05
1.33326320903e-10	-1.63027953022e-05
1.37492768432e-10	-1.09661060463e-05
1.4165921596e-10	-6.03275807265e-06
1.45825663488e-10	-2.44406162064e-06
1.49992111016e-10	-4.26248753627e-07
1.54158558545e-10	3.08866502152e-07
1.58325006073e-10	2.65667999599e-07
1.62491453601e-10	-8.62065760998e-08
1.66657901129e-10	-4.41632141523e-07
1.70824348658e-10	-6.72171379446e-07
1.74990796186e-10	-7.69925837973e-07
1.79157243714e-10	-7.7840866014e-07
1.83323691242e-10	-7.4420432182e-07
1.8749013877e-10	-6.97162807428e-07
1.91656586299e-10	-6.50674964853e-07
1.95823033827e-10	-6.08819775802e-07
1.99989481355e-10	-5.69838858058e-07
2.04155928883e-10	-5.33785426041e-07
2.08322376412e-10	-5.00859562394e-07
2.1248882394e-10	-4.70026619501e-07
2.16655271468e-10	-4.41044055735e-07
2.20821718996e-10	-4.13634006588e-07
2.24988166525e-10	-3.87948105848e-07
2.29154614053e-10	-3.6393194526e-07
2.33321061581e-10	-3.41512101543e-07
2.37487509109e-10	-3.20533962622e-07
2.41653956637e-10	-3.00884578322e-07
2.45820404166e-10	-2.82449047678e-07
2.49986851694e-10	-2.65166798796e-07
2.54153299222e-10	-2.48979639961e-07
2.5831974675e-10	-2.33821200554e-07
2.62486194279e-10	-2.19624035694e-07
2.66652641807e-10	-2.06313596082e-07
2.70819089335e-10	-1.93838565539e-07
2.74985536863e-10	-1.82141770541e-07
2.79151984392e-10	-1.71175635201e-07
2.8331843192e-10	-1.60900541488e-07
2.87484879448e-10	-1.51267497861e-07
2.91651326976e-10	-1.42226441235e-07
2.95817774504e-10	-1.33748728037e-07
2.99984222033e-10	-1.25796273065e-07
3.04150669561e-10	-1.1833665288e-07
3.08317117089e-10	-1.11341284068e-07
3.12483564617e-10	-1.04777013399e-07
3.16650012146e-10	-9.86146762583e-08
3.20816459674e-10	-9.28305006198e-08
3.24982907202e-10	-8.73999366768e-08
3.2914935473e-10	-8.23027811042e-08
3.33315802259e-10	-7.75166468236e-08
3.37482249787e-10	-7.3023641245e-08
3.41648697315e-10	-6.88030841189e-08
3.45815144843e-10	-6.48372863593e-08
3.49981592371e-10	-6.11108492005e-08
3.541480399e-10	-5.76107782591e-08
3.58314487428e-10	-5.43203619446e-08
3.62480934956e-10	-5.1230548942e-08
3.66647382484e-10	-4.83233645321e-08
3.70813830013e-10	-4.55906100927e-08
3.74980277541e-10	-4.30228089404e-08
3.79146725069e-10	-4.0604802895e-08
3.83313172597e-10	-3.8332048452e-08
3.87479620126e-10	-3.61947594257e-08
3.91646067654e-10	-3.41821505545e-08
3.95812515182e-10	-3.22881087422e-08
3.9997896271e-10	-3.05067699158e-08
4.04145410239e-10	-2.88293044715e-08
4.08311857767e-10	-2.7250849105e-08
4.12478305295e-10	-2.57635715262e-08
4.16644752823e-10	-2.43623204527e-08
4.20811200351e-10	-2.30419458791e-08
4.2497764788e-10	-2.18005083846e-08
4.29144095408e-10	-2.06290251686e-08
4.33310542936e-10	-1.95258447466e-08
4.37476990464e-10	-1.84844427265e-08
