% time-domain current integration by openEMS v0.0.36-67-g0bc6c61 @Tue Apr  8 15:25:37 2025
% start-coordinates: (-1.51138e-06,-1e-06,0.00028933) m -> [34,1,22]
% stop-coordinates: (-1.51138e-06,9.64119e-06,0.00029218) m -> [34,8,25]
% t/s	current
3.40033359301e-16	0
4.16642875152e-12	-1.3127134102e-10
8.33251746968e-12	-4.41605710333e-11
1.24986061878e-11	4.36831369688e-11
1.6664694906e-11	5.05335218115e-10
2.08307836242e-11	1.60009450134e-09
2.49968723423e-11	3.65509289502e-09
2.91629610605e-11	6.82575285182e-09
3.33290497786e-11	1.06661355304e-08
3.74951384968e-11	1.36267859219e-08
4.16612272149e-11	1.27148034323e-08
4.58273159331e-11	3.63574104156e-09
4.99934046513e-11	-1.81669577159e-08
5.41594933694e-11	-5.55314407791e-08
5.83255820876e-11	-1.07196918009e-07
6.24916708057e-11	-1.65957246168e-07
6.66577595239e-11	-2.18690175302e-07
7.08238482421e-11	-2.48788978752e-07
7.49899369602e-11	-2.40719941758e-07
7.91560256784e-11	-1.85056677537e-07
8.33221143965e-11	-8.20856982386e-08
8.74882031147e-11	5.75078793474e-08
9.16542918328e-11	2.14992468273e-07
9.5820380551e-11	3.67837259319e-07
9.99864692692e-11	4.94322534905e-07
1.04152557987e-10	5.77247874389e-07
1.08318646705e-10	6.06460446306e-07
1.12484735424e-10	5.80230732794e-07
1.16650824142e-10	5.0548891295e-07
1.2081691286e-10	3.96654087353e-07
1.24983001578e-10	2.72793869271e-07
1.29149090296e-10	1.53475383513e-07
1.33315179014e-10	5.44372618094e-08
1.37481267733e-10	-1.54548764897e-08
1.41647356451e-10	-5.50004344291e-08
1.45813445169e-10	-6.91417909593e-08
1.49979533887e-10	-6.60614389858e-08
1.54145622605e-10	-5.4170641306e-08
1.58311711323e-10	-4.00284214663e-08
1.62477800042e-10	-2.75425531271e-08
1.6664388876e-10	-1.82440000884e-08
1.70809977478e-10	-1.20966126005e-08
1.74976066196e-10	-8.34938962413e-09
1.79142154914e-10	-6.14133988108e-09
1.83308243632e-10	-4.79650896779e-09
1.8747433235e-10	-3.89226473274e-09
1.91640421069e-10	-3.21789284108e-09
1.95806509787e-10	-2.69649325091e-09
1.99972598505e-10	-2.2206210204e-09
