% time-domain voltage integration by openEMS v0.0.36-67-g0bc6c61 @Tue Apr  8 15:25:37 2025
% start-coordinates: (-1.36024e-05,5.08068e-06,0.00029118) m -> [26,5,24]
% stop-coordinates: (1.36024e-05,5.08068e-06,0.00029118) m -> [44,5,24]
% t/s	voltage
0	-0
4.16608871816e-12	-9.41499014862e-09
8.33217743632e-12	-1.38698560137e-08
1.24982661545e-11	1.47811627521e-09
1.66643548726e-11	5.25994926504e-08
2.08304435908e-11	1.77086892705e-07
2.49965323089e-11	4.14219908151e-07
2.91626210271e-11	7.76072633712e-07
3.33287097453e-11	1.19296223211e-06
3.74947984634e-11	1.44414025627e-06
4.16608871816e-11	1.11003010161e-06
4.58269758997e-11	-3.8745044284e-07
4.99930646179e-11	-3.59512615233e-06
5.41591533361e-11	-8.67640157765e-06
5.83252420542e-11	-1.49890934438e-05
6.24913307724e-11	-2.08141527196e-05
6.66574194905e-11	-2.35013871475e-05
7.08235082087e-11	-2.02068895874e-05
7.49895969268e-11	-9.11006375759e-06
7.9155685645e-11	9.33725029029e-06
8.33217743632e-11	3.17903715938e-05
8.74878630813e-11	5.25480105011e-05
9.16539517995e-11	6.52862115658e-05
9.58200405176e-11	6.53955348753e-05
9.99861292358e-11	5.19009284972e-05
1.04152217954e-10	2.80352696791e-05
1.08318306672e-10	1.33635069233e-07
1.1248439539e-10	-2.46715586911e-05
1.16650484108e-10	-4.09156648118e-05
1.20816572827e-10	-4.63799170802e-05
1.24982661545e-10	-4.22457894729e-05
1.29148750263e-10	-3.20005871117e-05
1.33314838981e-10	-1.97816370644e-05
1.37480927699e-10	-8.93397158563e-06
1.41647016417e-10	-1.26914675036e-06
1.45813105136e-10	2.91642126182e-06
1.49979193854e-10	4.33192190918e-06
1.54145282572e-10	4.05962262207e-06
1.5831137129e-10	3.07508890707e-06
1.62477460008e-10	2.0217758081e-06
1.66643548726e-10	1.20067141474e-06
1.70809637444e-10	6.72694649761e-07
1.74975726163e-10	3.80390842492e-07
1.79141814881e-10	2.36915191285e-07
1.83307903599e-10	1.70871411964e-07
1.87473992317e-10	1.38151364848e-07
1.91640081035e-10	1.16560062546e-07
1.95806169753e-10	9.62135521115e-08
1.99972258472e-10	7.76598405583e-08
