% time-domain voltage integration by openEMS v0.0.36-67-g0bc6c61 @Mon Apr  7 08:44:41 2025
% start-coordinates: (-1.51051e-05,5.02592e-06,0.00029118) m -> [83,19,24]
% stop-coordinates: (1.51051e-05,5.02592e-06,0.00029118) m -> [103,19,24]
% t/s	voltage
0	-0
4.16459713954e-12	-4.34749700129e-09
8.32919427908e-12	-4.80357731369e-09
1.24937914186e-11	8.43881530627e-10
1.66583885582e-11	2.20037060794e-08
2.08229856977e-11	7.08566743057e-08
2.49875828373e-11	1.64374410083e-07
2.91521799768e-11	3.09397448106e-07
3.33167771163e-11	4.81052596868e-07
3.74813742559e-11	5.99663160017e-07
4.16459713954e-11	5.11329012909e-07
4.5810568535e-11	-8.22935941613e-10
4.99751656745e-11	-1.15214004381e-06
5.41397628141e-11	-3.03839156857e-06
5.83043599536e-11	-5.49326600208e-06
6.24689570931e-11	-7.9920232281e-06
6.66335542327e-11	-9.68635777099e-06
7.07981513722e-11	-9.61832375879e-06
7.49627485118e-11	-7.07598837835e-06
7.91273456513e-11	-1.9546372112e-06
8.32919427908e-11	5.05654568883e-06
8.74565399304e-11	1.25938616975e-05
9.16211370699e-11	1.90305864862e-05
9.57857342095e-11	2.30101899206e-05
9.9950331349e-11	2.38578348899e-05
1.04114928489e-10	2.16917929947e-05
1.08279525628e-10	1.72246155898e-05
1.12444122768e-10	1.14071576558e-05
1.16608719907e-10	5.1239630352e-06
1.20773317047e-10	-9.30219528072e-07
1.24937914186e-10	-6.21006950041e-06
1.29102511326e-10	-1.02373596746e-05
1.33267108465e-10	-1.25983571877e-05
1.37431705605e-10	-1.3050651674e-05
1.41596302744e-10	-1.16648030115e-05
1.45760899884e-10	-8.88721567938e-06
1.49925497024e-10	-5.45530205898e-06
1.54090094163e-10	-2.18628897741e-06
1.58254691303e-10	2.65930884424e-07
1.62419288442e-10	1.58014334595e-06
1.66583885582e-10	1.80195713551e-06
1.70748482721e-10	1.25009686247e-06
1.74913079861e-10	3.54430053084e-07
1.79077677e-10	-5.01118566754e-07
1.8324227414e-10	-1.07725683107e-06
1.87406871279e-10	-1.30280254074e-06
1.91571468419e-10	-1.23811519481e-06
1.95736065558e-10	-1.01003511882e-06
1.99900662698e-10	-7.45907830363e-07
2.04065259838e-10	-5.36663019607e-07
2.08229856977e-10	-4.20526367978e-07
2.12394454117e-10	-3.9244746422e-07
2.16559051256e-10	-4.20853152217e-07
2.20723648396e-10	-4.68252161767e-07
2.24888245535e-10	-5.06058077054e-07
2.29052842675e-10	-5.19943239352e-07
2.33217439814e-10	-5.08914167363e-07
2.37382036954e-10	-4.80640867329e-07
2.41546634093e-10	-4.45571842561e-07
2.45711231233e-10	-4.12496249963e-07
2.49875828373e-10	-3.86356476673e-07
2.54040425512e-10	-3.68165919057e-07
2.58205022652e-10	-3.56162434878e-07
2.62369619791e-10	-3.47446708043e-07
2.66534216931e-10	-3.39345694711e-07
2.7069881407e-10	-3.30182648667e-07
2.7486341121e-10	-3.19413729216e-07
2.79028008349e-10	-3.07369029617e-07
2.83192605489e-10	-2.94799536171e-07
2.87357202628e-10	-2.82466858653e-07
2.91521799768e-10	-2.70894757071e-07
2.95686396908e-10	-2.60290695248e-07
2.99850994047e-10	-2.50584521078e-07
3.04015591187e-10	-2.41565691866e-07
3.08180188326e-10	-2.32996964278e-07
3.12344785466e-10	-2.24684190281e-07
3.16509382605e-10	-2.16539295161e-07
3.20673979745e-10	-2.08555696685e-07
3.24838576884e-10	-2.00760630231e-07
3.29003174024e-10	-1.93218177805e-07
3.33167771163e-10	-1.85957876833e-07
3.37332368303e-10	-1.79005607392e-07
3.41496965442e-10	-1.72355299519e-07
3.45661562582e-10	-1.65985585859e-07
3.49826159722e-10	-1.5986907817e-07
3.53990756861e-10	-1.53982991941e-07
3.58155354001e-10	-1.48304382983e-07
3.6231995114e-10	-1.42826129382e-07
3.6648454828e-10	-1.37541719888e-07
3.70649145419e-10	-1.32447232584e-07
3.74813742559e-10	-1.27541982281e-07
3.78978339698e-10	-1.22821631088e-07
3.83142936838e-10	-1.18279028613e-07
3.87307533977e-10	-1.13909550903e-07
3.91472131117e-10	-1.09703920406e-07
3.95636728257e-10	-1.05654719723e-07
3.99801325396e-10	-1.01755816953e-07
4.03965922536e-10	-9.80017919872e-08
4.08130519675e-10	-9.43847702287e-08
4.12295116815e-10	-9.09028620225e-08
4.16459713954e-10	-8.75495171776e-08
4.20624311094e-10	-8.43206919288e-08
4.24788908233e-10	-8.12125155597e-08
4.28953505373e-10	-7.82198442198e-08
4.33118102512e-10	-7.53384385987e-08
4.37282699652e-10	-7.25649897948e-08
4.41447296792e-10	-6.98933909637e-08
4.45611893931e-10	-6.73199552353e-08
4.49776491071e-10	-6.48440408105e-08
4.5394108821e-10	-6.24602441227e-08
4.5810568535e-10	-6.01629866551e-08
4.62270282489e-10	-5.79531434231e-08
4.66434879629e-10	-5.58232428269e-08
4.70599476768e-10	-5.37743427911e-08
4.74764073908e-10	-5.18006112657e-08
4.78928671047e-10	-4.99009780164e-08
4.83093268187e-10	-4.80701749656e-08
4.87257865326e-10	-4.63085662594e-08
4.91422462466e-10	-4.46126323939e-08
4.95587059606e-10	-4.29784958317e-08
4.99751656745e-10	-4.14060638831e-08
5.03916253885e-10	-3.98902291338e-08
5.08080851024e-10	-3.84329609943e-08
5.12245448164e-10	-3.70288879142e-08
5.16410045303e-10	-3.56773036392e-08
5.20574642443e-10	-3.43751372228e-08
5.24739239582e-10	-3.3121888135e-08
5.28903836722e-10	-3.19150163658e-08
5.33068433861e-10	-3.07520399839e-08
5.37233031001e-10	-2.96333254463e-08
5.41397628141e-10	-2.85556366053e-08
5.4556222528e-10	-2.75188098559e-08
5.4972682242e-10	-2.65193568494e-08
5.53891419559e-10	-2.55573920638e-08
5.58056016699e-10	-2.46312587687e-08
5.62220613838e-10	-2.37390851282e-08
5.66385210978e-10	-2.2880523684e-08
5.70549808117e-10	-2.20532330314e-08
5.74714405257e-10	-2.12575756581e-08
5.78879002396e-10	-2.04915973495e-08
5.83043599536e-10	-1.97527098011e-08
5.87208196675e-10	-1.90420303137e-08
5.91372793815e-10	-1.83578871271e-08
5.95537390955e-10	-1.76983113581e-08
